Id,Category
0,9
1,2
2,1
3,0
4,2
5,7
6,9
7,3
8,1
9,1
10,9
11,6
12,6
13,3
14,2
15,1
16,0
17,9
18,7
19,8
20,0
21,2
22,4
23,8
24,2
25,0
26,6
27,0
28,3
29,7
30,0
31,2
32,3
33,9
34,2
35,0
36,1
37,6
38,1
39,5
40,8
41,5
42,5
43,4
44,4
45,5
46,3
47,4
48,9
49,0
50,4
51,9
52,8
53,5
54,0
55,2
56,5
57,6
58,2
59,0
60,8
61,5
62,6
63,4
64,3
65,5
66,2
67,8
68,9
69,5
70,3
71,4
72,4
73,0
74,3
75,8
76,7
77,2
78,0
79,8
80,3
81,2
82,4
83,7
84,7
85,9
86,2
87,0
88,1
89,0
90,4
91,4
92,6
93,2
94,7
95,5
96,0
97,6
98,9
99,1
100,3
101,8
102,4
103,1
104,2
105,5
106,2
107,0
108,3
109,4
110,7
111,8
112,8
113,7
114,6
115,1
116,2
117,5
118,9
119,3
120,5
121,1
122,1
123,9
124,9
125,5
126,0
127,4
128,0
129,6
130,4
131,7
132,7
133,3
134,9
135,3
136,2
137,4
138,0
139,3
140,8
141,9
142,9
143,2
144,0
145,9
146,6
147,0
148,7
149,2
150,8
151,1
152,0
153,5
154,2
155,8
156,0
157,4
158,0
159,1
160,3
161,1
162,1
163,3
164,3
165,9
166,2
167,2
168,1
169,9
170,5
171,6
172,6
173,4
174,1
175,2
176,8
177,5
178,9
179,7
180,3
181,9
182,8
183,6
184,7
185,0
186,8
187,3
188,1
189,8
190,2
191,7
192,3
193,0
194,7
195,7
196,9
197,3
198,0
199,3
200,0
201,7
202,3
203,9
204,6
205,6
206,0
207,2
208,3
209,5
210,2
211,3
212,1
213,9
214,4
215,3
216,1
217,0
218,2
219,7
220,0
221,6
222,0
223,2
224,4
225,0
226,9
227,8
228,1
229,7
230,7
231,0
232,8
233,4
234,2
235,7
236,1
237,3
238,2
239,6
240,0
241,7
242,7
243,3
244,2
245,8
246,8
247,0
248,8
249,8
250,7
251,6
252,1
253,1
254,3
255,2
256,0
257,5
258,7
259,7
260,5
261,5
262,3
263,5
264,1
265,3
266,1
267,0
268,4
269,1
270,6
271,4
272,0
273,1
274,9
275,3
276,5
277,8
278,9
279,3
280,6
281,4
282,0
283,3
284,2
285,4
286,7
287,3
288,5
289,8
290,5
291,1
292,4
293,6
294,2
295,4
296,6
297,0
298,8
299,1
300,2
301,9
302,6
303,6
304,3
305,5
306,0
307,2
308,7
309,0
310,0
311,5
312,4
313,2
314,1
315,8
316,5
317,6
318,7
319,4
320,0
321,9
322,4
323,6
324,0
325,3
326,6
327,8
328,8
329,7
330,3
331,2
332,2
333,1
334,7
335,6
336,7
337,2
338,3
339,6
340,7
341,4
342,0
343,2
344,2
345,3
346,7
347,8
348,5
349,2
350,9
351,6
352,5
353,7
354,0
355,8
356,4
357,5
358,0
359,5
360,8
361,7
362,4
363,5
364,4
365,1
366,9
367,9
368,0
369,3
370,5
371,1
372,3
373,9
374,4
375,1
376,6
377,7
378,6
379,4
380,9
381,6
382,8
383,9
384,8
385,0
386,9
387,0
388,9
389,0
390,2
391,6
392,4
393,0
394,5
395,7
396,0
397,8
398,6
399,4
400,3
401,8
402,2
403,0
404,5
405,9
406,2
407,1
408,1
409,3
410,8
411,0
412,7
413,3
414,0
415,4
416,3
417,7
418,9
419,5
420,9
421,0
422,4
423,1
424,5
425,5
426,3
427,1
428,4
429,1
430,2
431,5
432,0
433,5
434,2
435,5
436,4
437,8
438,2
439,3
440,3
441,9
442,3
443,5
444,8
445,1
446,1
447,1
448,0
449,6
450,1
451,4
452,9
453,7
454,8
455,5
456,4
457,1
458,0
459,3
460,2
461,4
462,3
463,4
464,1
465,4
466,4
467,7
468,2
469,2
470,7
471,2
472,2
473,7
474,2
475,6
476,2
477,1
478,3
479,7
480,2
481,1
482,5
483,5
484,9
485,4
486,5
487,3
488,0
489,4
490,3
491,3
492,0
493,0
494,4
495,3
496,6
497,1
498,8
499,7
500,1
501,3
502,1
503,9
504,9
505,7
506,5
507,7
508,6
509,2
510,6
511,0
512,4
513,4
514,7
515,7
516,9
517,5
518,5
519,8
520,9
521,9
522,9
523,8
524,0
525,6
526,2
527,2
528,9
529,0
530,3
531,2
532,5
533,9
534,4
535,3
536,3
537,8
538,9
539,9
540,8
541,8
542,1
543,2
544,8
545,5
546,2
547,8
548,8
549,9
550,2
551,7
552,1
553,2
554,7
555,5
556,9
557,8
558,3
559,4
560,0
561,4
562,3
563,6
564,0
565,2
566,9
567,7
568,8
569,5
570,3
571,3
572,6
573,2
574,3
575,1
576,6
577,7
578,4
579,5
580,3
581,6
582,2
583,7
584,9
585,7
586,6
587,6
588,4
589,2
590,7
591,8
592,2
593,8
594,9
595,1
596,4
597,2
598,8
599,2
600,6
601,8
602,7
603,5
604,3
605,1
606,0
607,2
608,8
609,1
610,0
611,8
612,7
613,8
614,5
615,5
616,4
617,7
618,5
619,6
620,1
621,2
622,1
623,5
624,1
625,8
626,2
627,1
628,3
629,1
630,8
631,6
632,9
633,2
634,6
635,2
636,7
637,2
638,5
639,3
640,3
641,2
642,6
643,1
644,1
645,9
646,7
647,2
648,4
649,1
650,4
651,2
652,6
653,5
654,2
655,9
656,7
657,5
658,0
659,5
660,3
661,9
662,1
663,8
664,1
665,9
666,5
667,1
668,4
669,5
670,9
671,1
672,4
673,6
674,0
675,4
676,5
677,6
678,2
679,8
680,9
681,0
682,6
683,5
684,9
685,2
686,5
687,3
688,2
689,5
690,8
691,3
692,1
693,6
694,2
695,2
696,1
697,1
698,1
699,0
700,4
701,8
702,2
703,6
704,2
705,6
706,0
707,5
708,1
709,8
710,8
711,5
712,7
713,3
714,8
715,7
716,7
717,2
718,0
719,7
720,6
721,4
722,0
723,5
724,5
725,1
726,5
727,8
728,8
729,5
730,1
731,0
732,1
733,1
734,1
735,6
736,5
737,4
738,2
739,9
740,6
741,2
742,1
743,1
744,3
745,8
746,1
747,5
748,8
749,1
750,3
751,1
752,3
753,7
754,1
755,1
756,8
757,5
758,3
759,4
760,7
761,1
762,3
763,1
764,2
765,7
766,6
767,5
768,6
769,7
770,3
771,3
772,5
773,2
774,7
775,1
776,7
777,1
778,2
779,4
780,4
781,6
782,5
783,5
784,4
785,7
786,9
787,8
788,7
789,4
790,2
791,7
792,9
793,2
794,8
795,0
796,9
797,4
798,2
799,2
800,4
801,1
802,1
803,7
804,1
805,7
806,6
807,2
808,5
809,8
810,0
811,0
812,8
813,5
814,7
815,9
816,4
817,5
818,1
819,9
820,0
821,8
822,5
823,7
824,7
825,3
826,9
827,9
828,5
829,8
830,0
831,9
832,1
833,5
834,3
835,7
836,8
837,1
838,3
839,8
840,0
841,7
842,8
843,1
844,9
845,5
846,6
847,1
848,9
849,1
850,7
851,1
852,9
853,0
854,4
855,0
856,3
857,7
858,4
859,6
860,9
861,3
862,7
863,0
864,0
865,6
866,8
867,5
868,4
869,7
870,7
871,6
872,9
873,9
874,5
875,2
876,9
877,6
878,7
879,8
880,8
881,2
882,5
883,5
884,4
885,2
886,9
887,3
888,3
889,8
890,9
891,5
892,3
893,0
894,6
895,5
896,6
897,0
898,9
899,7
900,6
901,7
902,2
903,5
904,5
905,4
906,1
907,1
908,1
909,7
910,1
911,1
912,9
913,0
914,1
915,8
916,0
917,8
918,5
919,4
920,5
921,2
922,8
923,6
924,1
925,9
926,2
927,6
928,6
929,7
930,7
931,8
932,3
933,7
934,0
935,4
936,1
937,8
938,2
939,7
940,2
941,3
942,3
943,4
944,0
945,8
946,7
947,5
948,3
949,4
950,7
951,8
952,9
953,4
954,2
955,6
956,1
957,9
958,1
959,5
960,5
961,0
962,4
963,6
964,1
965,1
966,2
967,8
968,7
969,5
970,4
971,2
972,8
973,5
974,3
975,8
976,7
977,3
978,8
979,6
980,8
981,0
982,8
983,1
984,3
985,7
986,4
987,3
988,6
989,3
990,7
991,3
992,6
993,2
994,6
995,5
996,3
997,6
998,4
999,7
1000,5
1001,0
1002,8
1003,5
1004,6
1005,6
1006,2
1007,8
1008,7
1009,0
1010,3
1011,5
1012,4
1013,4
1014,4
1015,0
1016,1
1017,4
1018,6
1019,5
1020,5
1021,0
1022,3
1023,6
1024,6
1025,0
1026,3
1027,5
1028,9
1029,9
1030,0
1031,8
1032,2
1033,1
1034,9
1035,4
1036,2
1037,5
1038,0
1039,9
1040,5
1041,7
1042,9
1043,7
1044,6
1045,7
1046,1
1047,7
1048,1
1049,9
1050,2
1051,8
1052,5
1053,5
1054,8
1055,2
1056,9
1057,7
1058,7
1059,3
1060,7
1061,2
1062,7
1063,8
1064,0
1065,6
1066,4
1067,1
1068,5
1069,5
1070,0
1071,5
1072,2
1073,2
1074,8
1075,3
1076,3
1077,1
1078,6
1079,4
1080,9
1081,1
1082,3
1083,8
1084,7
1085,2
1086,7
1087,0
1088,8
1089,8
1090,0
1091,9
1092,7
1093,7
1094,3
1095,9
1096,2
1097,4
1098,9
1099,4
1100,1
1101,6
1102,6
1103,6
1104,7
1105,3
1106,7
1107,4
1108,6
1109,7
1110,5
1111,1
1112,3
1113,5
1114,0
1115,5
1116,8
1117,0
1118,4
1119,0
1120,6
1121,8
1122,2
1123,9
1124,1
1125,2
1126,4
1127,8
1128,5
1129,2
1130,5
1131,1
1132,3
1133,7
1134,0
1135,0
1136,8
1137,7
1138,0
1139,6
1140,1
1141,2
1142,6
1143,0
1144,6
1145,6
1146,0
1147,1
1148,9
1149,3
1150,0
1151,1
1152,6
1153,6
1154,6
1155,3
1156,6
1157,0
1158,2
1159,7
1160,2
1161,5
1162,2
1163,8
1164,4
1165,7
1166,2
1167,0
1168,3
1169,5
1170,9
1171,7
1172,2
1173,3
1174,3
1175,5
1176,3
1177,4
1178,1
1179,0
1180,8
1181,2
1182,3
1183,4
1184,8
1185,5
1186,9
1187,6
1188,8
1189,5
1190,3
1191,6
1192,0
1193,9
1194,6
1195,3
1196,7
1197,8
1198,3
1199,9
1200,5
1201,0
1202,3
1203,1
1204,9
1205,3
1206,6
1207,8
1208,8
1209,5
1210,5
1211,7
1212,4
1213,7
1214,7
1215,8
1216,6
1217,0
1218,5
1219,1
1220,0
1221,4
1222,5
1223,4
1224,6
1225,5
1226,7
1227,5
1228,6
1229,7
1230,3
1231,5
1232,0
1233,7
1234,3
1235,2
1236,8
1237,6
1238,6
1239,4
1240,4
1241,4
1242,9
1243,6
1244,6
1245,3
1246,0
1247,1
1248,7
1249,4
1250,9
1251,3
1252,4
1253,0
1254,1
1255,2
1256,4
1257,2
1258,5
1259,9
1260,0
1261,3
1262,2
1263,2
1264,5
1265,5
1266,5
1267,8
1268,9
1269,8
1270,0
1271,4
1272,0
1273,6
1274,9
1275,2
1276,6
1277,9
1278,1
1279,3
1280,5
1281,0
1282,7
1283,5
1284,2
1285,2
1286,4
1287,2
1288,9
1289,8
1290,7
1291,4
1292,4
1293,5
1294,9
1295,2
1296,3
1297,4
1298,6
1299,0
1300,3
1301,3
1302,6
1303,2
1304,7
1305,0
1306,5
1307,0
1308,3
1309,1
1310,8
1311,6
1312,7
1313,9
1314,4
1315,2
1316,6
1317,0
1318,2
1319,6
1320,4
1321,4
1322,2
1323,3
1324,1
1325,0
1326,8
1327,7
1328,6
1329,4
1330,5
1331,8
1332,7
1333,0
1334,4
1335,3
1336,3
1337,9
1338,3
1339,4
1340,7
1341,8
1342,2
1343,6
1344,2
1345,2
1346,8
1347,5
1348,1
1349,7
1350,1
1351,0
1352,4
1353,9
1354,7
1355,6
1356,4
1357,6
1358,5
1359,8
1360,2
1361,2
1362,0
1363,7
1364,5
1365,3
1366,0
1367,4
1368,7
1369,3
1370,5
1371,8
1372,4
1373,9
1374,2
1375,2
1376,1
1377,9
1378,8
1379,0
1380,7
1381,3
1382,6
1383,5
1384,1
1385,9
1386,9
1387,2
1388,7
1389,1
1390,8
1391,5
1392,7
1393,5
1394,7
1395,7
1396,8
1397,0
1398,1
1399,3
1400,6
1401,6
1402,3
1403,5
1404,4
1405,3
1406,6
1407,3
1408,3
1409,8
1410,5
1411,4
1412,6
1413,0
1414,3
1415,6
1416,2
1417,7
1418,2
1419,5
1420,7
1421,3
1422,2
1423,3
1424,4
1425,2
1426,5
1427,9
1428,8
1429,3
1430,9
1431,1
1432,3
1433,0
1434,8
1435,1
1436,6
1437,2
1438,1
1439,4
1440,2
1441,1
1442,1
1443,8
1444,3
1445,9
1446,5
1447,9
1448,6
1449,1
1450,3
1451,6
1452,8
1453,9
1454,5
1455,2
1456,1
1457,3
1458,9
1459,9
1460,3
1461,1
1462,8
1463,3
1464,2
1465,4
1466,5
1467,3
1468,0
1469,3
1470,4
1471,8
1472,0
1473,1
1474,0
1475,8
1476,1
1477,6
1478,3
1479,5
1480,5
1481,4
1482,7
1483,1
1484,4
1485,9
1486,9
1487,1
1488,6
1489,6
1490,0
1491,4
1492,9
1493,3
1494,1
1495,7
1496,0
1497,5
1498,6
1499,1
1500,9
1501,4
1502,4
1503,1
1504,7
1505,7
1506,2
1507,3
1508,8
1509,7
1510,2
1511,3
1512,5
1513,9
1514,4
1515,8
1516,4
1517,6
1518,0
1519,0
1520,4
1521,0
1522,4
1523,0
1524,0
1525,6
1526,0
1527,4
1528,9
1529,2
1530,3
1531,4
1532,5
1533,2
1534,7
1535,3
1536,1
1537,5
1538,4
1539,9
1540,9
1541,2
1542,2
1543,7
1544,6
1545,4
1546,9
1547,6
1548,0
1549,3
1550,0
1551,4
1552,4
1553,5
1554,1
1555,5
1556,1
1557,9
1558,0
1559,2
1560,4
1561,7
1562,4
1563,1
1564,4
1565,9
1566,9
1567,2
1568,5
1569,4
1570,1
1571,6
1572,8
1573,9
1574,9
1575,5
1576,1
1577,4
1578,1
1579,4
1580,8
1581,5
1582,8
1583,7
1584,0
1585,3
1586,4
1587,4
1588,1
1589,7
1590,5
1591,8
1592,9
1593,4
1594,4
1595,4
1596,8
1597,0
1598,0
1599,3
1600,3
1601,9
1602,0
1603,4
1604,5
1605,6
1606,2
1607,3
1608,4
1609,9
1610,6
1611,9
1612,7
1613,9
1614,2
1615,0
1616,9
1617,2
1618,3
1619,0
1620,7
1621,0
1622,6
1623,3
1624,8
1625,5
1626,2
1627,3
1628,7
1629,3
1630,0
1631,2
1632,2
1633,2
1634,3
1635,2
1636,4
1637,4
1638,2
1639,4
1640,6
1641,6
1642,5
1643,2
1644,0
1645,7
1646,4
1647,2
1648,3
1649,0
1650,6
1651,3
1652,2
1653,4
1654,6
1655,3
1656,2
1657,2
1658,5
1659,7
1660,4
1661,6
1662,1
1663,3
1664,2
1665,4
1666,3
1667,6
1668,0
1669,0
1670,1
1671,3
1672,6
1673,9
1674,9
1675,5
1676,8
1677,0
1678,1
1679,9
1680,6
1681,8
1682,4
1683,9
1684,5
1685,5
1686,2
1687,8
1688,9
1689,0
1690,3
1691,5
1692,3
1693,3
1694,6
1695,3
1696,8
1697,7
1698,0
1699,4
1700,3
1701,0
1702,6
1703,1
1704,2
1705,3
1706,9
1707,3
1708,8
1709,4
1710,9
1711,4
1712,9
1713,7
1714,2
1715,8
1716,5
1717,4
1718,4
1719,1
1720,6
1721,1
1722,7
1723,5
1724,1
1725,0
1726,0
1727,3
1728,0
1729,9
1730,4
1731,3
1732,9
1733,9
1734,4
1735,3
1736,4
1737,3
1738,7
1739,6
1740,8
1741,1
1742,1
1743,7
1744,5
1745,8
1746,7
1747,7
1748,2
1749,9
1750,5
1751,1
1752,7
1753,0
1754,5
1755,3
1756,0
1757,8
1758,4
1759,7
1760,5
1761,1
1762,6
1763,6
1764,7
1765,2
1766,3
1767,7
1768,3
1769,8
1770,2
1771,4
1772,3
1773,9
1774,8
1775,5
1776,1
1777,7
1778,6
1779,9
1780,0
1781,7
1782,2
1783,6
1784,1
1785,9
1786,4
1787,4
1788,7
1789,6
1790,2
1791,9
1792,6
1793,1
1794,8
1795,1
1796,2
1797,2
1798,3
1799,4
1800,3
1801,0
1802,7
1803,9
1804,1
1805,8
1806,7
1807,6
1808,8
1809,9
1810,7
1811,4
1812,4
1813,9
1814,7
1815,5
1816,0
1817,3
1818,9
1819,8
1820,2
1821,9
1822,0
1823,2
1824,1
1825,8
1826,5
1827,2
1828,0
1829,4
1830,3
1831,5
1832,2
1833,8
1834,7
1835,4
1836,3
1837,7
1838,1
1839,5
1840,2
1841,4
1842,3
1843,1
1844,6
1845,7
1846,9
1847,4
1848,6
1849,4
1850,9
1851,1
1852,6
1853,9
1854,6
1855,6
1856,7
1857,0
1858,8
1859,8
1860,3
1861,4
1862,3
1863,7
1864,8
1865,7
1866,4
1867,9
1868,2
1869,4
1870,1
1871,2
1872,9
1873,4
1874,4
1875,1
1876,4
1877,0
1878,9
1879,8
1880,2
1881,5
1882,3
1883,9
1884,3
1885,2
1886,3
1887,9
1888,5
1889,9
1890,5
1891,9
1892,2
1893,0
1894,4
1895,7
1896,8
1897,6
1898,4
1899,0
1900,5
1901,5
1902,1
1903,8
1904,8
1905,2
1906,2
1907,8
1908,6
1909,4
1910,1
1911,6
1912,8
1913,9
1914,6
1915,0
1916,4
1917,1
1918,0
1919,7
1920,5
1921,0
1922,8
1923,4
1924,2
1925,9
1926,2
1927,1
1928,9
1929,1
1930,7
1931,4
1932,5
1933,6
1934,7
1935,8
1936,0
1937,4
1938,9
1939,0
1940,0
1941,1
1942,8
1943,9
1944,9
1945,3
1946,0
1947,8
1948,3
1949,2
1950,5
1951,4
1952,5
1953,9
1954,0
1955,5
1956,2
1957,0
1958,8
1959,8
1960,9
1961,4
1962,4
1963,6
1964,2
1965,4
1966,6
1967,1
1968,3
1969,3
1970,1
1971,2
1972,9
1973,5
1974,1
1975,4
1976,1
1977,5
1978,7
1979,0
1980,6
1981,7
1982,1
1983,4
1984,5
1985,4
1986,5
1987,8
1988,5
1989,4
1990,6
1991,1
1992,7
1993,7
1994,7
1995,5
1996,7
1997,9
1998,3
1999,4
2000,8
2001,9
2002,5
2003,1
2004,4
2005,2
2006,1
2007,4
2008,1
2009,0
2010,1
2011,7
2012,1
2013,3
2014,6
2015,3
2016,5
2017,3
2018,5
2019,1
2020,2
2021,8
2022,7
2023,6
2024,9
2025,2
2026,6
2027,4
2028,4
2029,6
2030,1
2031,1
2032,3
2033,5
2034,9
2035,1
2036,2
2037,0
2038,5
2039,9
2040,8
2041,1
2042,5
2043,6
2044,5
2045,2
2046,7
2047,0
2048,1
2049,7
2050,1
2051,9
2052,4
2053,5
2054,7
2055,0
2056,2
2057,7
2058,3
2059,6
2060,1
2061,1
2062,0
2063,2
2064,6
2065,2
2066,5
2067,2
2068,1
2069,2
2070,0
2071,2
2072,9
2073,9
2074,9
2075,1
2076,5
2077,5
2078,9
2079,3
2080,1
2081,8
2082,3
2083,4
2084,7
2085,9
2086,0
2087,8
2088,2
2089,9
2090,9
2091,4
2092,1
2093,3
2094,4
2095,3
2096,9
2097,1
2098,6
2099,6
2100,0
2101,3
2102,4
2103,9
2104,9
2105,6
2106,3
2107,2
2108,9
2109,7
2110,4
2111,6
2112,8
2113,7
2114,2
2115,0
2116,4
2117,9
2118,3
2119,4
2120,9
2121,2
2122,7
2123,7
2124,8
2125,8
2126,3
2127,6
2128,0
2129,0
2130,4
2131,3
2132,8
2133,7
2134,2
2135,1
2136,4
2137,4
2138,7
2139,3
2140,4
2141,2
2142,0
2143,4
2144,4
2145,1
2146,0
2147,4
2148,6
2149,4
2150,2
2151,6
2152,7
2153,3
2154,1
2155,5
2156,2
2157,4
2158,7
2159,6
2160,3
2161,4
2162,1
2163,0
2164,1
2165,7
2166,3
2167,7
2168,9
2169,3
2170,5
2171,3
2172,5
2173,8
2174,2
2175,5
2176,4
2177,2
2178,7
2179,3
2180,8
2181,8
2182,1
2183,2
2184,8
2185,3
2186,1
2187,9
2188,0
2189,9
2190,7
2191,0
2192,9
2193,7
2194,6
2195,1
2196,5
2197,3
2198,3
2199,6
2200,3
2201,8
2202,4
2203,5
2204,8
2205,5
2206,1
2207,8
2208,5
2209,1
2210,1
2211,8
2212,9
2213,3
2214,2
2215,7
2216,6
2217,1
2218,9
2219,6
2220,6
2221,0
2222,1
2223,3
2224,2
2225,0
2226,4
2227,6
2228,0
2229,0
2230,1
2231,1
2232,2
2233,2
2234,9
2235,0
2236,8
2237,4
2238,7
2239,7
2240,5
2241,2
2242,6
2243,1
2244,5
2245,8
2246,5
2247,7
2248,8
2249,3
2250,0
2251,0
2252,5
2253,9
2254,9
2255,6
2256,4
2257,6
2258,5
2259,6
2260,2
2261,7
2262,0
2263,1
2264,8
2265,8
2266,4
2267,0
2268,6
2269,9
2270,0
2271,9
2272,8
2273,2
2274,9
2275,9
2276,3
2277,5
2278,3
2279,4
2280,2
2281,2
2282,1
2283,3
2284,4
2285,8
2286,5
2287,0
2288,7
2289,3
2290,9
2291,5
2292,9
2293,1
2294,6
2295,5
2296,0
2297,3
2298,6
2299,4
2300,2
2301,9
2302,3
2303,0
2304,0
2305,0
2306,4
2307,2
2308,3
2309,0
2310,3
2311,4
2312,9
2313,7
2314,5
2315,7
2316,7
2317,3
2318,3
2319,0
2320,0
2321,0
2322,4
2323,6
2324,5
2325,2
2326,8
2327,4
2328,7
2329,2
2330,3
2331,1
2332,0
2333,4
2334,8
2335,4
2336,5
2337,3
2338,3
2339,5
2340,5
2341,3
2342,5
2343,9
2344,1
2345,2
2346,1
2347,2
2348,6
2349,2
2350,3
2351,4
2352,5
2353,1
2354,5
2355,0
2356,1
2357,1
2358,6
2359,5
2360,8
2361,4
2362,4
2363,6
2364,1
2365,6
2366,5
2367,9
2368,0
2369,3
2370,5
2371,2
2372,9
2373,3
2374,7
2375,6
2376,3
2377,6
2378,1
2379,5
2380,2
2381,6
2382,2
2383,8
2384,7
2385,4
2386,7
2387,1
2388,6
2389,8
2390,0
2391,7
2392,7
2393,9
2394,5
2395,3
2396,4
2397,6
2398,2
2399,8
2400,2
2401,1
2402,0
2403,1
2404,8
2405,6
2406,4
2407,5
2408,3
2409,7
2410,1
2411,5
2412,7
2413,8
2414,8
2415,9
2416,3
2417,4
2418,7
2419,3
2420,0
2421,6
2422,7
2423,7
2424,7
2425,3
2426,3
2427,4
2428,5
2429,5
2430,7
2431,1
2432,7
2433,2
2434,2
2435,0
2436,5
2437,8
2438,3
2439,8
2440,2
2441,4
2442,0
2443,3
2444,1
2445,7
2446,7
2447,0
2448,4
2449,5
2450,2
2451,1
2452,7
2453,3
2454,4
2455,4
2456,6
2457,3
2458,5
2459,0
2460,5
2461,4
2462,4
2463,7
2464,7
2465,7
2466,4
2467,3
2468,9
2469,2
2470,4
2471,9
2472,6
2473,3
2474,2
2475,0
2476,8
2477,8
2478,9
2479,3
2480,6
2481,5
2482,2
2483,7
2484,7
2485,6
2486,6
2487,5
2488,1
2489,6
2490,6
2491,2
2492,8
2493,7
2494,2
2495,2
2496,1
2497,6
2498,2
2499,5
2500,7
2501,2
2502,3
2503,8
2504,4
2505,2
2506,9
2507,0
2508,8
2509,8
2510,5
2511,3
2512,7
2513,5
2514,5
2515,5
2516,1
2517,3
2518,9
2519,2
2520,9
2521,7
2522,2
2523,8
2524,6
2525,6
2526,5
2527,0
2528,6
2529,3
2530,7
2531,1
2532,0
2533,8
2534,4
2535,4
2536,3
2537,8
2538,5
2539,2
2540,3
2541,5
2542,8
2543,9
2544,0
2545,9
2546,4
2547,7
2548,4
2549,1
2550,5
2551,7
2552,7
2553,2
2554,2
2555,5
2556,8
2557,4
2558,0
2559,8
2560,7
2561,5
2562,5
2563,6
2564,6
2565,7
2566,4
2567,2
2568,5
2569,9
2570,9
2571,6
2572,1
2573,1
2574,8
2575,9
2576,6
2577,7
2578,0
2579,2
2580,2
2581,5
2582,2
2583,4
2584,2
2585,0
2586,9
2587,4
2588,7
2589,4
2590,2
2591,0
2592,6
2593,6
2594,6
2595,3
2596,6
2597,2
2598,7
2599,7
2600,6
2601,0
2602,0
2603,4
2604,8
2605,1
2606,2
2607,4
2608,0
2609,4
2610,9
2611,3
2612,6
2613,5
2614,2
2615,4
2616,7
2617,4
2618,1
2619,6
2620,7
2621,4
2622,3
2623,5
2624,3
2625,2
2626,5
2627,9
2628,3
2629,1
2630,3
2631,1
2632,6
2633,4
2634,7
2635,5
2636,0
2637,3
2638,1
2639,7
2640,7
2641,9
2642,3
2643,6
2644,5
2645,9
2646,5
2647,9
2648,3
2649,7
2650,0
2651,7
2652,8
2653,5
2654,7
2655,4
2656,0
2657,1
2658,8
2659,9
2660,0
2661,5
2662,1
2663,3
2664,3
2665,3
2666,2
2667,5
2668,3
2669,0
2670,1
2671,7
2672,4
2673,8
2674,5
2675,2
2676,5
2677,3
2678,2
2679,6
2680,6
2681,4
2682,3
2683,5
2684,7
2685,9
2686,3
2687,0
2688,2
2689,4
2690,8
2691,4
2692,8
2693,3
2694,3
2695,1
2696,4
2697,8
2698,0
2699,1
2700,0
2701,4
2702,0
2703,3
2704,2
2705,0
2706,7
2707,8
2708,9
2709,5
2710,1
2711,2
2712,7
2713,9
2714,4
2715,0
2716,9
2717,7
2718,3
2719,0
2720,9
2721,2
2722,6
2723,1
2724,4
2725,1
2726,0
2727,0
2728,7
2729,4
2730,4
2731,7
2732,7
2733,2
2734,1
2735,0
2736,8
2737,0
2738,1
2739,4
2740,5
2741,4
2742,1
2743,3
2744,1
2745,0
2746,0
2747,4
2748,1
2749,3
2750,3
2751,6
2752,3
2753,7
2754,1
2755,1
2756,9
2757,5
2758,0
2759,4
2760,4
2761,0
2762,5
2763,6
2764,6
2765,4
2766,4
2767,6
2768,9
2769,7
2770,5
2771,2
2772,5
2773,2
2774,6
2775,8
2776,9
2777,0
2778,9
2779,7
2780,4
2781,6
2782,0
2783,7
2784,8
2785,5
2786,2
2787,4
2788,5
2789,6
2790,8
2791,6
2792,4
2793,4
2794,4
2795,5
2796,2
2797,0
2798,8
2799,6
2800,3
2801,9
2802,6
2803,6
2804,1
2805,9
2806,4
2807,6
2808,6
2809,7
2810,7
2811,9
2812,5
2813,8
2814,0
2815,0
2816,5
2817,3
2818,0
2819,6
2820,6
2821,0
2822,9
2823,1
2824,4
2825,4
2826,3
2827,6
2828,6
2829,2
2830,0
2831,9
2832,8
2833,8
2834,1
2835,2
2836,8
2837,9
2838,3
2839,0
2840,4
2841,0
2842,7
2843,4
2844,4
2845,7
2846,1
2847,7
2848,6
2849,3
2850,6
2851,4
2852,9
2853,8
2854,2
2855,6
2856,5
2857,0
2858,5
2859,9
2860,0
2861,9
2862,0
2863,4
2864,0
2865,4
2866,4
2867,4
2868,2
2869,3
2870,0
2871,3
2872,7
2873,4
2874,9
2875,8
2876,9
2877,6
2878,3
2879,8
2880,0
2881,1
2882,5
2883,5
2884,0
2885,6
2886,3
2887,9
2888,1
2889,5
2890,5
2891,4
2892,8
2893,9
2894,9
2895,2
2896,6
2897,7
2898,3
2899,6
2900,9
2901,0
2902,3
2903,3
2904,8
2905,4
2906,7
2907,3
2908,3
2909,1
2910,5
2911,8
2912,9
2913,7
2914,4
2915,0
2916,4
2917,2
2918,7
2919,4
2920,6
2921,8
2922,7
2923,1
2924,9
2925,4
2926,5
2927,2
2928,2
2929,8
2930,7
2931,0
2932,1
2933,6
2934,9
2935,9
2936,5
2937,3
2938,7
2939,3
2940,6
2941,1
2942,1
2943,1
2944,1
2945,2
2946,8
2947,6
2948,2
2949,3
2950,8
2951,2
2952,6
2953,6
2954,2
2955,3
2956,1
2957,5
2958,6
2959,5
2960,2
2961,5
2962,3
2963,6
2964,5
2965,3
2966,2
2967,2
2968,3
2969,8
2970,8
2971,7
2972,4
2973,7
2974,4
2975,4
2976,1
2977,4
2978,8
2979,4
2980,8
2981,0
2982,9
2983,9
2984,8
2985,5
2986,4
2987,5
2988,4
2989,6
2990,7
2991,0
2992,8
2993,8
2994,0
2995,4
2996,1
2997,9
2998,5
2999,6
3000,0
3001,2
3002,3
3003,4
3004,6
3005,1
3006,4
3007,3
3008,7
3009,2
3010,2
3011,9
3012,9
3013,4
3014,7
3015,0
3016,6
3017,7
3018,0
3019,1
3020,4
3021,8
3022,5
3023,9
3024,1
3025,7
3026,0
3027,0
3028,5
3029,1
3030,1
3031,0
3032,8
3033,5
3034,7
3035,6
3036,0
3037,0
3038,2
3039,7
3040,1
3041,9
3042,4
3043,2
3044,3
3045,9
3046,9
3047,6
3048,7
3049,0
3050,3
3051,1
3052,4
3053,2
3054,2
3055,1
3056,9
3057,3
3058,7
3059,9
3060,1
3061,7
3062,9
3063,4
3064,1
3065,1
3066,2
3067,3
3068,0
3069,3
3070,8
3071,8
3072,5
3073,9
3074,8
3075,4
3076,2
3077,0
3078,0
3079,4
3080,4
3081,7
3082,2
3083,3
3084,9
3085,2
3086,5
3087,2
3088,7
3089,4
3090,7
3091,7
3092,2
3093,8
3094,1
3095,9
3096,8
3097,1
3098,6
3099,7
3100,0
3101,5
3102,5
3103,5
3104,3
3105,1
3106,5
3107,9
3108,2
3109,3
3110,4
3111,6
3112,4
3113,4
3114,9
3115,0
3116,6
3117,9
3118,5
3119,9
3120,3
3121,2
3122,4
3123,1
3124,5
3125,9
3126,9
3127,2
3128,4
3129,0
3130,7
3131,9
3132,7
3133,7
3134,0
3135,6
3136,8
3137,7
3138,5
3139,6
3140,7
3141,4
3142,4
3143,9
3144,5
3145,4
3146,8
3147,0
3148,3
3149,5
3150,4
3151,4
3152,4
3153,2
3154,3
3155,9
3156,4
3157,2
3158,7
3159,7
3160,3
3161,3
3162,4
3163,6
3164,9
3165,8
3166,1
3167,4
3168,0
3169,9
3170,0
3171,1
3172,9
3173,7
3174,7
3175,2
3176,1
3177,3
3178,8
3179,1
3180,6
3181,1
3182,6
3183,9
3184,1
3185,9
3186,2
3187,1
3188,5
3189,7
3190,2
3191,2
3192,1
3193,3
3194,6
3195,5
3196,7
3197,7
3198,3
3199,1
3200,2
3201,2
3202,0
3203,6
3204,6
3205,0
3206,1
3207,2
3208,6
3209,7
3210,1
3211,5
3212,0
3213,5
3214,2
3215,5
3216,7
3217,7
3218,5
3219,7
3220,3
3221,1
3222,7
3223,1
3224,3
3225,1
3226,7
3227,7
3228,0
3229,5
3230,8
3231,7
3232,8
3233,7
3234,2
3235,2
3236,8
3237,8
3238,4
3239,8
3240,5
3241,7
3242,1
3243,0
3244,9
3245,0
3246,8
3247,0
3248,4
3249,4
3250,8
3251,8
3252,5
3253,6
3254,0
3255,0
3256,9
3257,2
3258,8
3259,7
3260,1
3261,7
3262,9
3263,7
3264,9
3265,6
3266,1
3267,0
3268,5
3269,5
3270,4
3271,6
3272,4
3273,1
3274,3
3275,3
3276,4
3277,6
3278,0
3279,1
3280,7
3281,3
3282,7
3283,2
3284,9
3285,8
3286,3
3287,1
3288,1
3289,8
3290,7
3291,6
3292,3
3293,4
3294,5
3295,9
3296,3
3297,4
3298,6
3299,2
3300,6
3301,5
3302,8
3303,5
3304,2
3305,3
3306,6
3307,8
3308,9
3309,5
3310,4
3311,7
3312,3
3313,7
3314,0
3315,6
3316,0
3317,5
3318,5
3319,9
3320,6
3321,3
3322,8
3323,2
3324,5
3325,9
3326,2
3327,7
3328,7
3329,3
3330,3
3331,4
3332,7
3333,9
3334,7
3335,4
3336,7
3337,6
3338,8
3339,7
3340,9
3341,2
3342,7
3343,5
3344,2
3345,8
3346,7
3347,4
3348,3
3349,9
3350,0
3351,7
3352,8
3353,9
3354,4
3355,1
3356,3
3357,5
3358,3
3359,1
3360,3
3361,9
3362,2
3363,1
3364,3
3365,3
3366,5
3367,9
3368,5
3369,6
3370,6
3371,7
3372,0
3373,2
3374,5
3375,9
3376,0
3377,3
3378,5
3379,1
3380,6
3381,1
3382,1
3383,3
3384,6
3385,7
3386,9
3387,1
3388,6
3389,0
3390,3
3391,1
3392,4
3393,9
3394,9
3395,9
3396,4
3397,6
3398,6
3399,0
3400,6
3401,3
3402,9
3403,8
3404,0
3405,4
3406,9
3407,8
3408,3
3409,2
3410,8
3411,3
3412,8
3413,3
3414,0
3415,5
3416,6
3417,9
3418,6
3419,7
3420,9
3421,3
3422,3
3423,5
3424,9
3425,6
3426,8
3427,9
3428,4
3429,0
3430,3
3431,9
3432,7
3433,9
3434,4
3435,0
3436,7
3437,5
3438,8
3439,8
3440,9
3441,4
3442,1
3443,0
3444,6
3445,1
3446,9
3447,5
3448,3
3449,8
3450,5
3451,0
3452,8
3453,4
3454,1
3455,3
3456,4
3457,3
3458,7
3459,2
3460,5
3461,6
3462,5
3463,8
3464,1
3465,0
3466,0
3467,1
3468,8
3469,5
3470,8
3471,2
3472,7
3473,9
3474,3
3475,3
3476,4
3477,9
3478,2
3479,8
3480,0
3481,8
3482,2
3483,1
3484,8
3485,6
3486,6
3487,7
3488,7
3489,1
3490,2
3491,7
3492,8
3493,4
3494,3
3495,0
3496,1
3497,8
3498,9
3499,3
3500,7
3501,9
3502,4
3503,6
3504,1
3505,2
3506,0
3507,4
3508,9
3509,6
3510,7
3511,2
3512,1
3513,0
3514,0
3515,4
3516,3
3517,5
3518,9
3519,9
3520,7
3521,0
3522,0
3523,0
3524,9
3525,1
3526,9
3527,9
3528,7
3529,3
3530,0
3531,7
3532,7
3533,6
3534,9
3535,0
3536,9
3537,5
3538,2
3539,9
3540,4
3541,1
3542,0
3543,3
3544,6
3545,2
3546,0
3547,6
3548,4
3549,3
3550,6
3551,5
3552,9
3553,9
3554,1
3555,0
3556,0
3557,6
3558,1
3559,0
3560,5
3561,2
3562,5
3563,4
3564,4
3565,3
3566,1
3567,9
3568,4
3569,0
3570,5
3571,7
3572,3
3573,6
3574,0
3575,5
3576,7
3577,6
3578,8
3579,8
3580,8
3581,1
3582,8
3583,3
3584,2
3585,0
3586,2
3587,1
3588,1
3589,6
3590,7
3591,7
3592,1
3593,7
3594,5
3595,9
3596,6
3597,1
3598,7
3599,8
3600,2
3601,9
3602,4
3603,0
3604,6
3605,0
3606,7
3607,8
3608,8
3609,2
3610,6
3611,9
3612,2
3613,5
3614,1
3615,2
3616,1
3617,8
3618,3
3619,9
3620,4
3621,0
3622,1
3623,2
3624,3
3625,1
3626,8
3627,7
3628,8
3629,5
3630,9
3631,4
3632,9
3633,9
3634,5
3635,7
3636,1
3637,8
3638,4
3639,2
3640,9
3641,7
3642,5
3643,7
3644,7
3645,5
3646,3
3647,0
3648,9
3649,9
3650,6
3651,1
3652,0
3653,5
3654,9
3655,3
3656,9
3657,6
3658,9
3659,9
3660,2
3661,8
3662,6
3663,4
3664,6
3665,3
3666,9
3667,6
3668,5
3669,5
3670,4
3671,2
3672,9
3673,5
3674,1
3675,2
3676,9
3677,9
3678,1
3679,4
3680,9
3681,7
3682,6
3683,1
3684,8
3685,2
3686,4
3687,4
3688,8
3689,4
3690,1
3691,4
3692,8
3693,0
3694,3
3695,0
3696,2
3697,1
3698,7
3699,8
3700,4
3701,6
3702,0
3703,5
3704,3
3705,7
3706,1
3707,7
3708,6
3709,2
3710,0
3711,9
3712,9
3713,3
3714,0
3715,9
3716,5
3717,7
3718,3
3719,6
3720,5
3721,9
3722,0
3723,4
3724,7
3725,8
3726,8
3727,6
3728,5
3729,2
3730,5
3731,4
3732,1
3733,3
3734,6
3735,0
3736,6
3737,2
3738,4
3739,5
3740,4
3741,0
3742,1
3743,1
3744,2
3745,4
3746,6
3747,9
3748,5
3749,5
3750,7
3751,1
3752,4
3753,6
3754,3
3755,8
3756,3
3757,5
3758,2
3759,3
3760,2
3761,8
3762,8
3763,0
3764,2
3765,4
3766,0
3767,0
3768,1
3769,7
3770,0
3771,5
3772,2
3773,8
3774,5
3775,6
3776,4
3777,7
3778,2
3779,9
3780,6
3781,5
3782,7
3783,9
3784,5
3785,6
3786,0
3787,9
3788,0
3789,6
3790,0
3791,0
3792,1
3793,1
3794,2
3795,9
3796,8
3797,0
3798,3
3799,1
3800,1
3801,3
3802,7
3803,3
3804,2
3805,3
3806,9
3807,4
3808,8
3809,0
3810,1
3811,0
3812,9
3813,7
3814,0
3815,4
3816,5
3817,8
3818,1
3819,4
3820,5
3821,5
3822,4
3823,3
3824,7
3825,3
3826,2
3827,2
3828,4
3829,1
3830,6
3831,4
3832,1
3833,5
3834,0
3835,6
3836,9
3837,0
3838,2
3839,2
3840,8
3841,2
3842,5
3843,4
3844,7
3845,5
3846,1
3847,7
3848,6
3849,1
3850,3
3851,0
3852,2
3853,5
3854,9
3855,6
3856,2
3857,7
3858,3
3859,8
3860,6
3861,3
3862,8
3863,6
3864,9
3865,2
3866,6
3867,3
3868,3
3869,2
3870,4
3871,1
3872,0
3873,8
3874,6
3875,0
3876,1
3877,2
3878,4
3879,1
3880,9
3881,5
3882,3
3883,2
3884,7
3885,6
3886,4
3887,1
3888,2
3889,8
3890,5
3891,4
3892,0
3893,1
3894,9
3895,5
3896,2
3897,8
3898,1
3899,7
3900,8
3901,6
3902,4
3903,8
3904,9
3905,8
3906,4
3907,8
3908,2
3909,3
3910,8
3911,2
3912,9
3913,0
3914,2
3915,9
3916,1
3917,8
3918,2
3919,7
3920,0
3921,8
3922,6
3923,2
3924,6
3925,1
3926,4
3927,7
3928,2
3929,8
3930,7
3931,8
3932,3
3933,2
3934,9
3935,3
3936,4
3937,8
3938,2
3939,9
3940,2
3941,3
3942,7
3943,2
3944,2
3945,4
3946,9
3947,1
3948,0
3949,4
3950,7
3951,1
3952,5
3953,7
3954,1
3955,0
3956,0
3957,5
3958,0
3959,4
3960,7
3961,2
3962,1
3963,2
3964,0
3965,4
3966,0
3967,9
3968,2
3969,1
3970,9
3971,2
3972,0
3973,2
3974,3
3975,4
3976,0
3977,3
3978,1
3979,5
3980,9
3981,0
3982,8
3983,6
3984,4
3985,2
3986,6
3987,0
3988,6
3989,9
3990,5
3991,0
3992,4
3993,3
3994,6
3995,8
3996,7
3997,5
3998,3
3999,9
4000,7
4001,6
4002,3
4003,6
4004,4
4005,7
4006,3
4007,2
4008,3
4009,1
4010,6
4011,2
4012,6
4013,5
4014,6
4015,3
4016,7
4017,3
4018,8
4019,8
4020,2
4021,3
4022,5
4023,6
4024,0
4025,0
4026,9
4027,0
4028,9
4029,2
4030,2
4031,0
4032,4
4033,3
4034,2
4035,1
4036,7
4037,7
4038,6
4039,0
4040,8
4041,9
4042,8
4043,2
4044,7
4045,7
4046,1
4047,3
4048,8
4049,5
4050,9
4051,9
4052,0
4053,0
4054,2
4055,2
4056,9
4057,7
4058,0
4059,4
4060,7
4061,8
4062,3
4063,0
4064,5
4065,6
4066,3
4067,9
4068,9
4069,6
4070,0
4071,8
4072,1
4073,8
4074,2
4075,0
4076,0
4077,0
4078,8
4079,4
4080,7
4081,6
4082,7
4083,7
4084,7
4085,3
4086,2
4087,7
4088,2
4089,8
4090,8
4091,5
4092,6
4093,3
4094,2
4095,7
4096,4
4097,7
4098,1
4099,5
4100,7
4101,3
4102,7
4103,3
4104,9
4105,3
4106,5
4107,4
4108,2
4109,5
4110,0
4111,5
4112,2
4113,6
4114,0
4115,4
4116,0
4117,3
4118,6
4119,6
4120,7
4121,6
4122,6
4123,0
4124,8
4125,4
4126,5
4127,4
4128,9
4129,1
4130,7
4131,0
4132,4
4133,3
4134,3
4135,0
4136,9
4137,6
4138,8
4139,8
4140,6
4141,2
4142,8
4143,1
4144,1
4145,0
4146,3
4147,0
4148,0
4149,8
4150,8
4151,7
4152,4
4153,5
4154,9
4155,0
4156,0
4157,3
4158,7
4159,0
4160,5
4161,4
4162,7
4163,0
4164,6
4165,2
4166,7
4167,5
4168,4
4169,7
4170,4
4171,8
4172,9
4173,2
4174,6
4175,2
4176,4
4177,1
4178,8
4179,4
4180,2
4181,8
4182,0
4183,5
4184,2
4185,5
4186,4
4187,9
4188,4
4189,6
4190,4
4191,5
4192,4
4193,9
4194,2
4195,8
4196,7
4197,6
4198,3
4199,9
4200,8
4201,4
4202,8
4203,0
4204,0
4205,2
4206,2
4207,4
4208,2
4209,1
4210,6
4211,2
4212,2
4213,7
4214,3
4215,7
4216,4
4217,8
4218,6
4219,0
4220,1
4221,6
4222,2
4223,8
4224,6
4225,1
4226,6
4227,0
4228,3
4229,6
4230,5
4231,4
4232,2
4233,8
4234,6
4235,2
4236,4
4237,1
4238,9
4239,7
4240,8
4241,8
4242,5
4243,9
4244,9
4245,3
4246,5
4247,6
4248,4
4249,8
4250,5
4251,2
4252,7
4253,3
4254,5
4255,1
4256,4
4257,2
4258,0
4259,7
4260,9
4261,4
4262,6
4263,0
4264,9
4265,6
4266,1
4267,0
4268,1
4269,2
4270,9
4271,9
4272,0
4273,7
4274,0
4275,6
4276,3
4277,3
4278,6
4279,4
4280,5
4281,8
4282,0
4283,0
4284,8
4285,8
4286,5
4287,2
4288,8
4289,3
4290,6
4291,1
4292,6
4293,8
4294,9
4295,3
4296,5
4297,4
4298,8
4299,3
4300,4
4301,4
4302,3
4303,2
4304,6
4305,8
4306,4
4307,4
4308,7
4309,9
4310,0
4311,2
4312,1
4313,9
4314,6
4315,6
4316,2
4317,3
4318,0
4319,8
4320,7
4321,1
4322,0
4323,9
4324,3
4325,7
4326,8
4327,3
4328,0
4329,9
4330,6
4331,4
4332,0
4333,3
4334,4
4335,4
4336,0
4337,8
4338,3
4339,6
4340,5
4341,7
4342,7
4343,2
4344,7
4345,1
4346,0
4347,9
4348,9
4349,1
4350,7
4351,0
4352,2
4353,2
4354,5
4355,8
4356,3
4357,3
4358,8
4359,1
4360,0
4361,0
4362,4
4363,5
4364,7
4365,2
4366,3
4367,1
4368,2
4369,4
4370,7
4371,7
4372,7
4373,4
4374,7
4375,0
4376,5
4377,5
4378,5
4379,8
4380,1
4381,6
4382,1
4383,7
4384,0
4385,9
4386,9
4387,7
4388,6
4389,1
4390,9
4391,2
4392,1
4393,4
4394,4
4395,0
4396,0
4397,5
4398,0
4399,1
4400,6
4401,7
4402,5
4403,1
4404,4
4405,2
4406,2
4407,1
4408,2
4409,9
4410,2
4411,1
4412,2
4413,1
4414,7
4415,4
4416,6
4417,2
4418,2
4419,8
4420,3
4421,0
4422,7
4423,0
4424,3
4425,0
4426,8
4427,6
4428,6
4429,9
4430,0
4431,1
4432,4
4433,9
4434,8
4435,8
4436,0
4437,4
4438,6
4439,0
4440,4
4441,7
4442,4
4443,2
4444,8
4445,3
4446,3
4447,6
4448,3
4449,0
4450,7
4451,6
4452,1
4453,1
4454,0
4455,7
4456,6
4457,7
4458,9
4459,7
4460,3
4461,2
4462,7
4463,5
4464,8
4465,8
4466,1
4467,8
4468,3
4469,5
4470,9
4471,4
4472,0
4473,8
4474,1
4475,7
4476,8
4477,1
4478,4
4479,2
4480,2
4481,9
4482,5
4483,8
4484,1
4485,7
4486,2
4487,0
4488,2
4489,5
4490,6
4491,3
4492,7
4493,3
4494,2
4495,4
4496,7
4497,3
4498,7
4499,1
4500,5
4501,2
4502,2
4503,1
4504,3
4505,3
4506,6
4507,6
4508,0
4509,2
4510,2
4511,1
4512,4
4513,8
4514,5
4515,0
4516,6
4517,4
4518,4
4519,4
4520,0
4521,0
4522,9
4523,2
4524,6
4525,9
4526,2
4527,7
4528,1
4529,3
4530,7
4531,3
4532,1
4533,7
4534,7
4535,3
4536,4
4537,5
4538,4
4539,3
4540,3
4541,0
4542,5
4543,2
4544,6
4545,4
4546,5
4547,6
4548,7
4549,3
4550,4
4551,5
4552,6
4553,0
4554,4
4555,9
4556,1
4557,4
4558,8
4559,3
4560,7
4561,0
4562,5
4563,6
4564,5
4565,6
4566,8
4567,6
4568,5
4569,5
4570,5
4571,4
4572,4
4573,5
4574,7
4575,3
4576,5
4577,6
4578,6
4579,4
4580,1
4581,2
4582,2
4583,9
4584,2
4585,9
4586,5
4587,2
4588,0
4589,6
4590,5
4591,6
4592,9
4593,8
4594,8
4595,4
4596,2
4597,1
4598,8
4599,7
4600,0
4601,6
4602,3
4603,0
4604,9
4605,7
4606,9
4607,6
4608,3
4609,3
4610,4
4611,6
4612,1
4613,8
4614,2
4615,8
4616,9
4617,0
4618,8
4619,5
4620,9
4621,2
4622,1
4623,4
4624,4
4625,1
4626,3
4627,6
4628,4
4629,5
4630,5
4631,1
4632,1
4633,8
4634,7
4635,7
4636,3
4637,8
4638,6
4639,6
4640,4
4641,2
4642,4
4643,9
4644,2
4645,7
4646,6
4647,0
4648,1
4649,4
4650,4
4651,4
4652,5
4653,4
4654,7
4655,7
4656,9
4657,6
4658,3
4659,3
4660,9
4661,9
4662,8
4663,1
4664,3
4665,3
4666,4
4667,8
4668,6
4669,5
4670,9
4671,3
4672,2
4673,0
4674,6
4675,7
4676,6
4677,3
4678,1
4679,8
4680,2
4681,3
4682,3
4683,1
4684,4
4685,4
4686,9
4687,9
4688,1
4689,9
4690,4
4691,3
4692,7
4693,2
4694,0
4695,1
4696,5
4697,9
4698,8
4699,1
4700,8
4701,5
4702,0
4703,5
4704,1
4705,3
4706,0
4707,9
4708,8
4709,0
4710,0
4711,9
4712,8
4713,3
4714,4
4715,2
4716,1
4717,5
4718,7
4719,7
4720,8
4721,3
4722,1
4723,5
4724,1
4725,4
4726,0
4727,6
4728,0
4729,3
4730,4
4731,7
4732,5
4733,5
4734,4
4735,8
4736,9
4737,5
4738,4
4739,8
4740,9
4741,6
4742,1
4743,2
4744,4
4745,9
4746,9
4747,9
4748,6
4749,8
4750,7
4751,4
4752,7
4753,4
4754,7
4755,7
4756,1
4757,2
4758,5
4759,1
4760,6
4761,1
4762,4
4763,6
4764,1
4765,2
4766,9
4767,4
4768,7
4769,2
4770,5
4771,5
4772,0
4773,1
4774,5
4775,5
4776,2
4777,9
4778,2
4779,7
4780,9
4781,9
4782,4
4783,5
4784,9
4785,3
4786,3
4787,0
4788,1
4789,8
4790,8
4791,6
4792,5
4793,9
4794,7
4795,0
4796,8
4797,2
4798,4
4799,0
4800,3
4801,1
4802,6
4803,9
4804,7
4805,4
4806,0
4807,6
4808,9
4809,3
4810,1
4811,4
4812,5
4813,8
4814,7
4815,7
4816,9
4817,3
4818,0
4819,3
4820,5
4821,0
4822,2
4823,9
4824,2
4825,0
4826,2
4827,9
4828,8
4829,3
4830,8
4831,9
4832,2
4833,2
4834,1
4835,8
4836,2
4837,8
4838,8
4839,4
4840,6
4841,3
4842,3
4843,4
4844,5
4845,0
4846,5
4847,7
4848,3
4849,9
4850,8
4851,6
4852,3
4853,6
4854,9
4855,6
4856,8
4857,0
4858,4
4859,0
4860,0
4861,4
4862,6
4863,3
4864,4
4865,0
4866,1
4867,0
4868,1
4869,9
4870,3
4871,8
4872,2
4873,6
4874,0
4875,0
4876,0
4877,7
4878,1
4879,1
4880,0
4881,8
4882,8
4883,6
4884,2
4885,3
4886,7
4887,8
4888,7
4889,8
4890,9
4891,7
4892,4
4893,7
4894,0
4895,0
4896,5
4897,4
4898,7
4899,9
4900,1
4901,7
4902,4
4903,2
4904,3
4905,8
4906,7
4907,7
4908,8
4909,4
4910,2
4911,8
4912,5
4913,9
4914,6
4915,5
4916,1
4917,9
4918,4
4919,3
4920,2
4921,8
4922,7
4923,2
4924,2
4925,2
4926,5
4927,9
4928,5
4929,9
4930,4
4931,1
4932,6
4933,2
4934,3
4935,2
4936,4
4937,6
4938,0
4939,0
4940,7
4941,2
4942,1
4943,2
4944,0
4945,5
4946,9
4947,9
4948,2
4949,7
4950,8
4951,3
4952,0
4953,4
4954,5
4955,5
4956,2
4957,7
4958,7
4959,7
4960,0
4961,3
4962,7
4963,0
4964,9
4965,4
4966,1
4967,1
4968,9
4969,6
4970,3
4971,7
4972,6
4973,2
4974,5
4975,2
4976,7
4977,5
4978,5
4979,1
4980,0
4981,4
4982,0
4983,3
4984,3
4985,1
4986,8
4987,6
4988,1
4989,5
4990,8
4991,3
4992,2
4993,4
4994,3
4995,9
4996,1
4997,9
4998,0
4999,2
5000,0
5001,8
5002,0
5003,2
5004,5
5005,8
5006,0
5007,4
5008,7
5009,8
5010,4
5011,7
5012,0
5013,7
5014,7
5015,3
5016,5
5017,0
5018,2
5019,0
5020,7
5021,7
5022,1
5023,6
5024,0
5025,9
5026,2
5027,7
5028,4
5029,2
5030,1
5031,2
5032,1
5033,6
5034,3
5035,5
5036,6
5037,5
5038,7
5039,9
5040,7
5041,7
5042,5
5043,5
5044,6
5045,4
5046,1
5047,1
5048,3
5049,2
5050,1
5051,4
5052,2
5053,8
5054,9
5055,1
5056,8
5057,6
5058,7
5059,0
5060,9
5061,5
5062,9
5063,4
5064,6
5065,6
5066,3
5067,7
5068,9
5069,3
5070,3
5071,7
5072,0
5073,1
5074,4
5075,2
5076,0
5077,3
5078,0
5079,3
5080,1
5081,2
5082,7
5083,3
5084,2
5085,8
5086,8
5087,8
5088,1
5089,7
5090,1
5091,0
5092,8
5093,1
5094,5
5095,1
5096,0
5097,5
5098,5
5099,7
5100,2
5101,5
5102,4
5103,5
5104,8
5105,9
5106,7
5107,0
5108,1
5109,1
5110,1
5111,0
5112,0
5113,0
5114,7
5115,3
5116,0
5117,3
5118,7
5119,7
5120,5
5121,4
5122,8
5123,9
5124,7
5125,6
5126,4
5127,0
5128,0
5129,2
5130,9
5131,7
5132,1
5133,6
5134,3
5135,3
5136,3
5137,1
5138,1
5139,7
5140,8
5141,4
5142,9
5143,5
5144,1
5145,8
5146,9
5147,5
5148,7
5149,1
5150,0
5151,1
5152,4
5153,3
5154,8
5155,4
5156,3
5157,0
5158,9
5159,4
5160,9
5161,1
5162,9
5163,0
5164,7
5165,8
5166,4
5167,3
5168,5
5169,4
5170,4
5171,2
5172,8
5173,1
5174,4
5175,7
5176,3
5177,0
5178,7
5179,7
5180,7
5181,8
5182,3
5183,9
5184,2
5185,9
5186,3
5187,4
5188,2
5189,5
5190,3
5191,6
5192,1
5193,8
5194,5
5195,0
5196,0
5197,1
5198,9
5199,9
5200,1
5201,5
5202,1
5203,5
5204,3
5205,0
5206,0
5207,9
5208,9
5209,4
5210,8
5211,9
5212,5
5213,1
5214,2
5215,4
5216,6
5217,4
5218,3
5219,8
5220,8
5221,2
5222,9
5223,4
5224,3
5225,5
5226,0
5227,7
5228,9
5229,9
5230,3
5231,9
5232,4
5233,3
5234,0
5235,5
5236,0
5237,2
5238,5
5239,0
5240,4
5241,2
5242,6
5243,8
5244,5
5245,7
5246,2
5247,5
5248,3
5249,2
5250,1
5251,8
5252,3
5253,5
5254,4
5255,8
5256,2
5257,9
5258,7
5259,1
5260,7
5261,6
5262,9
5263,7
5264,0
5265,8
5266,8
5267,2
5268,5
5269,0
5270,8
5271,1
5272,8
5273,9
5274,8
5275,6
5276,4
5277,3
5278,4
5279,3
5280,3
5281,6
5282,3
5283,4
5284,4
5285,8
5286,8
5287,2
5288,8
5289,7
5290,6
5291,2
5292,0
5293,0
5294,0
5295,2
5296,3
5297,4
5298,6
5299,7
5300,9
5301,3
5302,9
5303,7
5304,8
5305,2
5306,8
5307,3
5308,4
5309,8
5310,9
5311,9
5312,2
5313,4
5314,9
5315,4
5316,0
5317,4
5318,7
5319,3
5320,5
5321,4
5322,7
5323,4
5324,7
5325,2
5326,3
5327,7
5328,5
5329,1
5330,2
5331,4
5332,8
5333,2
5334,4
5335,4
5336,6
5337,8
5338,5
5339,9
5340,1
5341,2
5342,6
5343,1
5344,5
5345,5
5346,0
5347,3
5348,0
5349,9
5350,0
5351,6
5352,6
5353,8
5354,5
5355,0
5356,2
5357,3
5358,1
5359,0
5360,4
5361,3
5362,2
5363,3
5364,7
5365,7
5366,2
5367,6
5368,2
5369,5
5370,0
5371,0
5372,0
5373,1
5374,3
5375,1
5376,2
5377,1
5378,7
5379,2
5380,2
5381,6
5382,4
5383,5
5384,7
5385,0
5386,3
5387,7
5388,9
5389,9
5390,7
5391,1
5392,6
5393,9
5394,2
5395,6
5396,8
5397,5
5398,9
5399,2
5400,8
5401,2
5402,2
5403,1
5404,3
5405,7
5406,1
5407,0
5408,3
5409,8
5410,2
5411,4
5412,4
5413,2
5414,1
5415,5
5416,4
5417,9
5418,8
5419,5
5420,8
5421,3
5422,5
5423,2
5424,9
5425,0
5426,9
5427,0
5428,1
5429,4
5430,2
5431,4
5432,8
5433,0
5434,9
5435,8
5436,9
5437,0
5438,0
5439,1
5440,1
5441,4
5442,6
5443,0
5444,6
5445,8
5446,4
5447,7
5448,3
5449,9
5450,0
5451,4
5452,0
5453,8
5454,3
5455,6
5456,6
5457,0
5458,7
5459,0
5460,7
5461,9
5462,5
5463,7
5464,4
5465,2
5466,0
5467,6
5468,7
5469,6
5470,6
5471,4
5472,4
5473,9
5474,2
5475,3
5476,3
5477,9
5478,1
5479,0
5480,1
5481,1
5482,7
5483,6
5484,0
5485,0
5486,3
5487,4
5488,5
5489,7
5490,5
5491,2
5492,2
5493,4
5494,4
5495,8
5496,2
5497,5
5498,6
5499,1
5500,9
5501,5
5502,8
5503,3
5504,3
5505,9
5506,0
5507,4
5508,2
5509,1
5510,8
5511,8
5512,0
5513,0
5514,8
5515,1
5516,2
5517,4
5518,0
5519,5
5520,3
5521,5
5522,2
5523,0
5524,3
5525,6
5526,4
5527,6
5528,3
5529,9
5530,1
5531,5
5532,8
5533,7
5534,7
5535,3
5536,3
5537,9
5538,1
5539,8
5540,0
5541,4
5542,1
5543,2
5544,5
5545,5
5546,2
5547,5
5548,6
5549,9
5550,2
5551,9
5552,8
5553,2
5554,2
5555,9
5556,2
5557,6
5558,0
5559,4
5560,2
5561,7
5562,8
5563,1
5564,8
5565,1
5566,0
5567,2
5568,9
5569,2
5570,0
5571,0
5572,2
5573,4
5574,1
5575,0
5576,2
5577,1
5578,6
5579,6
5580,7
5581,9
5582,1
5583,8
5584,4
5585,7
5586,2
5587,3
5588,2
5589,1
5590,4
5591,4
5592,8
5593,0
5594,6
5595,0
5596,2
5597,6
5598,2
5599,0
5600,3
5601,9
5602,8
5603,7
5604,1
5605,5
5606,8
5607,7
5608,0
5609,8
5610,1
5611,1
5612,5
5613,0
5614,7
5615,0
5616,8
5617,0
5618,7
5619,6
5620,0
5621,8
5622,4
5623,3
5624,2
5625,0
5626,0
5627,8
5628,9
5629,5
5630,3
5631,3
5632,4
5633,7
5634,0
5635,5
5636,4
5637,6
5638,1
5639,5
5640,0
5641,0
5642,2
5643,4
5644,4
5645,4
5646,8
5647,1
5648,8
5649,6
5650,4
5651,5
5652,6
5653,9
5654,2
5655,0
5656,6
5657,9
5658,4
5659,3
5660,2
5661,3
5662,1
5663,0
5664,2
5665,2
5666,2
5667,4
5668,3
5669,2
5670,4
5671,9
5672,7
5673,5
5674,4
5675,4
5676,6
5677,0
5678,4
5679,7
5680,7
5681,5
5682,4
5683,5
5684,1
5685,4
5686,5
5687,6
5688,9
5689,8
5690,6
5691,9
5692,1
5693,4
5694,7
5695,9
5696,5
5697,3
5698,1
5699,3
5700,3
5701,3
5702,2
5703,0
5704,9
5705,4
5706,3
5707,0
5708,8
5709,7
5710,7
5711,9
5712,9
5713,0
5714,6
5715,9
5716,9
5717,8
5718,6
5719,3
5720,5
5721,9
5722,4
5723,8
5724,2
5725,4
5726,9
5727,8
5728,0
5729,3
5730,1
5731,2
5732,8
5733,2
5734,1
5735,9
5736,1
5737,8
5738,7
5739,3
5740,6
5741,6
5742,9
5743,4
5744,3
5745,3
5746,6
5747,7
5748,9
5749,8
5750,7
5751,2
5752,3
5753,5
5754,0
5755,0
5756,2
5757,9
5758,4
5759,1
5760,1
5761,1
5762,6
5763,0
5764,8
5765,0
5766,7
5767,9
5768,3
5769,3
5770,8
5771,9
5772,7
5773,8
5774,8
5775,1
5776,2
5777,9
5778,8
5779,5
5780,8
5781,5
5782,8
5783,4
5784,6
5785,7
5786,7
5787,8
5788,5
5789,3
5790,8
5791,5
5792,4
5793,4
5794,9
5795,3
5796,4
5797,3
5798,7
5799,8
5800,2
5801,7
5802,2
5803,8
5804,9
5805,0
5806,9
5807,9
5808,2
5809,0
5810,8
5811,1
5812,2
5813,9
5814,3
5815,5
5816,8
5817,2
5818,3
5819,1
5820,3
5821,1
5822,1
5823,2
5824,0
5825,8
5826,4
5827,5
5828,1
5829,0
5830,7
5831,3
5832,3
5833,9
5834,6
5835,7
5836,2
5837,0
5838,8
5839,9
5840,9
5841,1
5842,9
5843,1
5844,2
5845,9
5846,3
5847,6
5848,3
5849,2
5850,2
5851,7
5852,4
5853,8
5854,2
5855,9
5856,1
5857,4
5858,7
5859,2
5860,4
5861,0
5862,6
5863,3
5864,5
5865,3
5866,3
5867,6
5868,0
5869,3
5870,0
5871,8
5872,1
5873,1
5874,5
5875,2
5876,0
5877,5
5878,1
5879,1
5880,1
5881,7
5882,3
5883,6
5884,2
5885,0
5886,3
5887,5
5888,3
5889,7
5890,3
5891,5
5892,8
5893,6
5894,6
5895,2
5896,3
5897,1
5898,5
5899,2
5900,7
5901,6
5902,9
5903,9
5904,3
5905,0
5906,0
5907,4
5908,7
5909,0
5910,5
5911,0
5912,9
5913,7
5914,4
5915,5
5916,9
5917,8
5918,1
5919,6
5920,7
5921,2
5922,9
5923,7
5924,8
5925,8
5926,1
5927,9
5928,5
5929,6
5930,4
5931,5
5932,4
5933,9
5934,9
5935,4
5936,2
5937,0
5938,4
5939,1
5940,0
5941,2
5942,3
5943,8
5944,4
5945,9
5946,9
5947,2
5948,6
5949,9
5950,3
5951,8
5952,6
5953,8
5954,8
5955,4
5956,2
5957,0
5958,6
5959,4
5960,9
5961,1
5962,5
5963,0
5964,9
5965,4
5966,8
5967,3
5968,3
5969,4
5970,7
5971,1
5972,9
5973,7
5974,7
5975,2
5976,3
5977,0
5978,6
5979,9
5980,2
5981,1
5982,4
5983,1
5984,6
5985,4
5986,9
5987,9
5988,3
5989,0
5990,5
5991,7
5992,9
5993,6
5994,9
5995,9
5996,0
5997,8
5998,0
5999,6
6000,3
6001,7
6002,0
6003,2
6004,0
6005,0
6006,2
6007,2
6008,3
6009,1
6010,9
6011,1
6012,5
6013,7
6014,3
6015,1
6016,3
6017,7
6018,8
6019,5
6020,8
6021,5
6022,7
6023,5
6024,2
6025,6
6026,8
6027,7
6028,3
6029,4
6030,9
6031,6
6032,2
6033,9
6034,4
6035,6
6036,1
6037,9
6038,6
6039,3
6040,8
6041,3
6042,8
6043,5
6044,6
6045,4
6046,2
6047,6
6048,7
6049,2
6050,1
6051,7
6052,4
6053,0
6054,9
6055,2
6056,5
6057,3
6058,5
6059,7
6060,3
6061,0
6062,3
6063,7
6064,1
6065,7
6066,0
6067,5
6068,8
6069,4
6070,0
6071,6
6072,7
6073,5
6074,5
6075,8
6076,6
6077,6
6078,1
6079,2
6080,8
6081,6
6082,3
6083,3
6084,5
6085,8
6086,2
6087,3
6088,0
6089,1
6090,4
6091,1
6092,4
6093,8
6094,2
6095,9
6096,0
6097,4
6098,5
6099,0
6100,5
6101,3
6102,8
6103,9
6104,8
6105,4
6106,9
6107,9
6108,1
6109,9
6110,1
6111,4
6112,8
6113,0
6114,6
6115,6
6116,2
6117,8
6118,6
6119,9
6120,1
6121,3
6122,3
6123,4
6124,6
6125,4
6126,7
6127,4
6128,1
6129,2
6130,1
6131,0
6132,7
6133,3
6134,1
6135,5
6136,9
6137,4
6138,3
6139,3
6140,9
6141,8
6142,9
6143,3
6144,4
6145,3
6146,3
6147,8
6148,3
6149,0
6150,0
6151,6
6152,0
6153,4
6154,3
6155,8
6156,9
6157,5
6158,5
6159,0
6160,9
6161,2
6162,3
6163,5
6164,1
6165,2
6166,3
6167,5
6168,6
6169,2
6170,2
6171,5
6172,3
6173,6
6174,5
6175,7
6176,5
6177,6
6178,1
6179,2
6180,8
6181,4
6182,6
6183,6
6184,3
6185,5
6186,3
6187,4
6188,5
6189,9
6190,1
6191,4
6192,2
6193,9
6194,9
6195,7
6196,5
6197,6
6198,8
6199,0
6200,6
6201,1
6202,4
6203,7
6204,4
6205,0
6206,4
6207,3
6208,3
6209,9
6210,0
6211,3
6212,8
6213,7
6214,7
6215,4
6216,6
6217,7
6218,7
6219,6
6220,9
6221,3
6222,8
6223,7
6224,4
6225,6
6226,8
6227,2
6228,1
6229,6
6230,5
6231,2
6232,4
6233,5
6234,4
6235,5
6236,1
6237,8
6238,9
6239,0
6240,8
6241,6
6242,2
6243,0
6244,8
6245,7
6246,0
6247,5
6248,6
6249,7
6250,3
6251,3
6252,9
6253,7
6254,5
6255,5
6256,9
6257,1
6258,7
6259,7
6260,4
6261,1
6262,6
6263,1
6264,2
6265,8
6266,1
6267,5
6268,5
6269,9
6270,0
6271,0
6272,1
6273,9
6274,4
6275,7
6276,7
6277,3
6278,8
6279,2
6280,7
6281,7
6282,0
6283,2
6284,0
6285,2
6286,7
6287,4
6288,5
6289,6
6290,9
6291,9
6292,2
6293,6
6294,6
6295,8
6296,8
6297,5
6298,3
6299,5
6300,5
6301,9
6302,8
6303,0
6304,0
6305,8
6306,4
6307,3
6308,0
6309,2
6310,9
6311,0
6312,2
6313,1
6314,2
6315,9
6316,5
6317,4
6318,2
6319,5
6320,5
6321,1
6322,8
6323,2
6324,3
6325,2
6326,9
6327,6
6328,5
6329,5
6330,0
6331,0
6332,0
6333,4
6334,8
6335,8
6336,5
6337,9
6338,2
6339,4
6340,7
6341,3
6342,8
6343,2
6344,1
6345,8
6346,3
6347,6
6348,8
6349,3
6350,8
6351,4
6352,4
6353,3
6354,0
6355,6
6356,7
6357,4
6358,9
6359,5
6360,7
6361,2
6362,8
6363,3
6364,4
6365,5
6366,9
6367,6
6368,0
6369,3
6370,4
6371,0
6372,1
6373,4
6374,1
6375,5
6376,3
6377,1
6378,2
6379,1
6380,8
6381,1
6382,5
6383,4
6384,6
6385,3
6386,9
6387,2
6388,2
6389,8
6390,1
6391,2
6392,4
6393,7
6394,2
6395,9
6396,8
6397,6
6398,3
6399,1
6400,8
6401,6
6402,3
6403,8
6404,7
6405,7
6406,2
6407,3
6408,0
6409,0
6410,7
6411,8
6412,3
6413,6
6414,5
6415,3
6416,8
6417,3
6418,7
6419,5
6420,5
6421,1
6422,1
6423,4
6424,1
6425,1
6426,1
6427,3
6428,2
6429,1
6430,1
6431,5
6432,9
6433,4
6434,0
6435,3
6436,7
6437,8
6438,9
6439,3
6440,7
6441,5
6442,9
6443,4
6444,5
6445,8
6446,1
6447,6
6448,6
6449,5
6450,6
6451,1
6452,9
6453,5
6454,8
6455,4
6456,2
6457,9
6458,8
6459,7
6460,9
6461,3
6462,5
6463,8
6464,6
6465,8
6466,0
6467,3
6468,4
6469,1
6470,1
6471,0
6472,2
6473,7
6474,5
6475,6
6476,5
6477,2
6478,4
6479,0
6480,0
6481,2
6482,9
6483,0
6484,8
6485,9
6486,5
6487,5
6488,9
6489,3
6490,0
6491,7
6492,8
6493,0
6494,0
6495,7
6496,9
6497,4
6498,3
6499,3
6500,6
6501,7
6502,4
6503,7
6504,6
6505,2
6506,6
6507,6
6508,1
6509,4
6510,9
6511,2
6512,7
6513,1
6514,8
6515,1
6516,4
6517,9
6518,3
6519,8
6520,0
6521,8
6522,8
6523,2
6524,6
6525,1
6526,0
6527,9
6528,9
6529,7
6530,8
6531,3
6532,4
6533,7
6534,1
6535,0
6536,2
6537,0
6538,4
6539,7
6540,7
6541,5
6542,3
6543,1
6544,0
6545,2
6546,5
6547,3
6548,5
6549,3
6550,1
6551,0
6552,7
6553,3
6554,8
6555,9
6556,8
6557,0
6558,4
6559,0
6560,9
6561,4
6562,4
6563,3
6564,2
6565,6
6566,3
6567,5
6568,7
6569,1
6570,9
6571,4
6572,9
6573,7
6574,8
6575,0
6576,8
6577,2
6578,5
6579,6
6580,1
6581,4
6582,1
6583,3
6584,2
6585,0
6586,8
6587,5
6588,3
6589,5
6590,3
6591,6
6592,1
6593,0
6594,4
6595,0
6596,5
6597,4
6598,4
6599,3
6600,8
6601,4
6602,6
6603,6
6604,7
6605,0
6606,3
6607,2
6608,8
6609,1
6610,0
6611,5
6612,4
6613,4
6614,9
6615,5
6616,2
6617,3
6618,9
6619,7
6620,4
6621,1
6622,0
6623,0
6624,9
6625,8
6626,2
6627,0
6628,0
6629,9
6630,5
6631,8
6632,3
6633,3
6634,4
6635,4
6636,0
6637,0
6638,0
6639,7
6640,0
6641,8
6642,9
6643,8
6644,3
6645,2
6646,4
6647,2
6648,2
6649,7
6650,3
6651,7
6652,8
6653,1
6654,1
6655,8
6656,9
6657,7
6658,5
6659,7
6660,0
6661,4
6662,4
6663,0
6664,0
6665,0
6666,6
6667,5
6668,8
6669,6
6670,6
6671,3
6672,6
6673,1
6674,0
6675,1
6676,6
6677,8
6678,9
6679,1
6680,2
6681,4
6682,5
6683,6
6684,4
6685,3
6686,8
6687,5
6688,5
6689,0
6690,0
6691,8
6692,5
6693,4
6694,2
6695,1
6696,0
6697,5
6698,3
6699,8
6700,3
6701,6
6702,4
6703,6
6704,3
6705,3
6706,2
6707,6
6708,3
6709,1
6710,2
6711,4
6712,4
6713,5
6714,3
6715,9
6716,1
6717,9
6718,5
6719,8
6720,7
6721,6
6722,4
6723,1
6724,0
6725,9
6726,6
6727,2
6728,9
6729,0
6730,0
6731,1
6732,4
6733,9
6734,6
6735,9
6736,8
6737,5
6738,9
6739,8
6740,1
6741,5
6742,9
6743,4
6744,6
6745,8
6746,5
6747,8
6748,4
6749,7
6750,1
6751,7
6752,0
6753,2
6754,8
6755,3
6756,2
6757,8
6758,7
6759,7
6760,1
6761,6
6762,2
6763,2
6764,4
6765,6
6766,9
6767,0
6768,0
6769,3
6770,0
6771,2
6772,9
6773,5
6774,3
6775,4
6776,9
6777,9
6778,0
6779,9
6780,9
6781,5
6782,4
6783,3
6784,2
6785,6
6786,1
6787,2
6788,1
6789,0
6790,5
6791,7
6792,6
6793,3
6794,8
6795,0
6796,5
6797,1
6798,3
6799,7
6800,1
6801,7
6802,0
6803,5
6804,5
6805,8
6806,5
6807,2
6808,6
6809,5
6810,3
6811,6
6812,0
6813,6
6814,9
6815,0
6816,1
6817,9
6818,0
6819,9
6820,4
6821,8
6822,6
6823,4
6824,7
6825,2
6826,5
6827,5
6828,5
6829,1
6830,8
6831,4
6832,1
6833,8
6834,0
6835,7
6836,2
6837,3
6838,1
6839,3
6840,3
6841,9
6842,0
6843,3
6844,0
6845,6
6846,7
6847,2
6848,0
6849,8
6850,0
6851,3
6852,6
6853,8
6854,7
6855,8
6856,7
6857,4
6858,0
6859,5
6860,4
6861,6
6862,5
6863,0
6864,9
6865,9
6866,7
6867,5
6868,5
6869,3
6870,0
6871,4
6872,1
6873,4
6874,3
6875,3
6876,6
6877,3
6878,2
6879,7
6880,6
6881,1
6882,9
6883,8
6884,1
6885,2
6886,1
6887,5
6888,1
6889,6
6890,7
6891,0
6892,9
6893,7
6894,4
6895,1
6896,3
6897,0
6898,1
6899,0
6900,6
6901,3
6902,1
6903,9
6904,6
6905,4
6906,0
6907,6
6908,8
6909,0
6910,1
6911,4
6912,9
6913,9
6914,5
6915,1
6916,4
6917,6
6918,4
6919,2
6920,5
6921,2
6922,2
6923,6
6924,9
6925,5
6926,4
6927,8
6928,7
6929,6
6930,4
6931,5
6932,2
6933,9
6934,9
6935,3
6936,7
6937,3
6938,1
6939,1
6940,4
6941,9
6942,6
6943,7
6944,6
6945,6
6946,0
6947,9
6948,2
6949,5
6950,9
6951,8
6952,3
6953,1
6954,4
6955,1
6956,9
6957,5
6958,6
6959,5
6960,9
6961,2
6962,5
6963,3
6964,6
6965,0
6966,1
6967,2
6968,4
6969,3
6970,6
6971,2
6972,7
6973,4
6974,7
6975,2
6976,8
6977,9
6978,3
6979,4
6980,2
6981,0
6982,6
6983,8
6984,5
6985,0
6986,8
6987,9
6988,7
6989,2
6990,0
6991,8
6992,3
6993,1
6994,3
6995,9
6996,3
6997,6
6998,4
6999,7
7000,3
7001,2
7002,4
7003,0
7004,0
7005,6
7006,1
7007,8
7008,0
7009,6
7010,9
7011,9
7012,3
7013,7
7014,6
7015,7
7016,0
7017,1
7018,3
7019,3
7020,0
7021,4
7022,1
7023,1
7024,8
7025,9
7026,7
7027,2
7028,7
7029,5
7030,6
7031,3
7032,8
7033,3
7034,8
7035,0
7036,7
7037,3
7038,6
7039,0
7040,4
7041,8
7042,3
7043,8
7044,7
7045,4
7046,6
7047,4
7048,3
7049,3
7050,0
7051,2
7052,5
7053,5
7054,5
7055,6
7056,7
7057,0
7058,4
7059,2
7060,9
7061,1
7062,4
7063,0
7064,0
7065,1
7066,8
7067,8
7068,7
7069,5
7070,2
7071,2
7072,6
7073,0
7074,9
7075,7
7076,9
7077,1
7078,5
7079,7
7080,5
7081,7
7082,0
7083,1
7084,8
7085,8
7086,1
7087,8
7088,6
7089,8
7090,7
7091,5
7092,3
7093,4
7094,1
7095,7
7096,0
7097,1
7098,0
7099,0
7100,3
7101,3
7102,7
7103,9
7104,3
7105,9
7106,6
7107,7
7108,3
7109,5
7110,0
7111,9
7112,7
7113,7
7114,0
7115,4
7116,4
7117,5
7118,1
7119,2
7120,0
7121,3
7122,1
7123,6
7124,8
7125,1
7126,1
7127,1
7128,4
7129,1
7130,9
7131,6
7132,2
7133,7
7134,5
7135,4
7136,1
7137,2
7138,3
7139,3
7140,4
7141,0
7142,8
7143,4
7144,7
7145,7
7146,2
7147,1
7148,4
7149,6
7150,8
7151,2
7152,8
7153,4
7154,8
7155,3
7156,3
7157,7
7158,7
7159,5
7160,4
7161,8
7162,6
7163,8
7164,7
7165,7
7166,4
7167,9
7168,1
7169,5
7170,0
7171,5
7172,2
7173,3
7174,9
7175,7
7176,8
7177,8
7178,4
7179,3
7180,0
7181,0
7182,7
7183,3
7184,2
7185,3
7186,0
7187,2
7188,5
7189,6
7190,8
7191,0
7192,4
7193,9
7194,0
7195,0
7196,1
7197,4
7198,9
7199,8
7200,4
7201,1
7202,2
7203,5
7204,3
7205,6
7206,2
7207,8
7208,0
7209,1
7210,7
7211,2
7212,4
7213,8
7214,5
7215,8
7216,0
7217,1
7218,2
7219,8
7220,0
7221,5
7222,5
7223,3
7224,7
7225,5
7226,1
7227,4
7228,6
7229,2
7230,4
7231,5
7232,4
7233,4
7234,7
7235,5
7236,8
7237,6
7238,0
7239,1
7240,8
7241,1
7242,1
7243,8
7244,8
7245,6
7246,5
7247,9
7248,5
7249,1
7250,1
7251,0
7252,1
7253,9
7254,4
7255,2
7256,7
7257,2
7258,7
7259,1
7260,5
7261,8
7262,9
7263,0
7264,4
7265,7
7266,1
7267,9
7268,0
7269,6
7270,8
7271,8
7272,2
7273,4
7274,7
7275,1
7276,6
7277,1
7278,4
7279,5
7280,3
7281,5
7282,9
7283,6
7284,6
7285,6
7286,5
7287,9
7288,2
7289,1
7290,8
7291,6
7292,2
7293,3
7294,4
7295,6
7296,7
7297,9
7298,2
7299,0
7300,1
7301,5
7302,0
7303,7
7304,1
7305,8
7306,8
7307,3
7308,7
7309,3
7310,2
7311,3
7312,7
7313,5
7314,3
7315,2
7316,7
7317,9
7318,5
7319,5
7320,4
7321,7
7322,7
7323,7
7324,9
7325,5
7326,7
7327,9
7328,8
7329,4
7330,7
7331,3
7332,8
7333,6
7334,8
7335,6
7336,5
7337,0
7338,0
7339,5
7340,3
7341,2
7342,5
7343,8
7344,6
7345,3
7346,4
7347,9
7348,2
7349,0
7350,1
7351,9
7352,4
7353,3
7354,2
7355,1
7356,4
7357,7
7358,6
7359,8
7360,8
7361,9
7362,7
7363,9
7364,5
7365,0
7366,8
7367,0
7368,7
7369,7
7370,2
7371,7
7372,5
7373,3
7374,0
7375,2
7376,1
7377,0
7378,3
7379,5
7380,6
7381,8
7382,6
7383,8
7384,6
7385,5
7386,3
7387,6
7388,4
7389,6
7390,3
7391,7
7392,8
7393,7
7394,7
7395,3
7396,4
7397,1
7398,9
7399,0
7400,9
7401,7
7402,5
7403,2
7404,8
7405,0
7406,4
7407,7
7408,9
7409,8
7410,1
7411,7
7412,0
7413,3
7414,5
7415,5
7416,5
7417,5
7418,0
7419,5
7420,0
7421,5
7422,9
7423,0
7424,4
7425,2
7426,8
7427,6
7428,7
7429,0
7430,1
7431,5
7432,0
7433,3
7434,0
7435,7
7436,6
7437,1
7438,0
7439,7
7440,4
7441,6
7442,9
7443,8
7444,8
7445,3
7446,8
7447,1
7448,6
7449,3
7450,4
7451,4
7452,1
7453,0
7454,7
7455,2
7456,7
7457,8
7458,5
7459,1
7460,3
7461,3
7462,6
7463,0
7464,7
7465,1
7466,2
7467,1
7468,2
7469,8
7470,1
7471,0
7472,1
7473,0
7474,1
7475,4
7476,3
7477,9
7478,7
7479,4
7480,5
7481,7
7482,0
7483,5
7484,6
7485,4
7486,0
7487,7
7488,1
7489,5
7490,8
7491,5
7492,6
7493,5
7494,9
7495,5
7496,8
7497,8
7498,8
7499,1
7500,3
7501,4
7502,5
7503,8
7504,8
7505,3
7506,4
7507,4
7508,2
7509,6
7510,1
7511,3
7512,8
7513,0
7514,6
7515,0
7516,6
7517,2
7518,8
7519,6
7520,1
7521,3
7522,0
7523,4
7524,0
7525,8
7526,0
7527,6
7528,9
7529,8
7530,8
7531,9
7532,6
7533,1
7534,0
7535,3
7536,9
7537,3
7538,3
7539,8
7540,1
7541,9
7542,4
7543,0
7544,4
7545,7
7546,1
7547,5
7548,6
7549,8
7550,7
7551,2
7552,9
7553,3
7554,4
7555,4
7556,5
7557,4
7558,3
7559,3
7560,9
7561,9
7562,5
7563,1
7564,6
7565,0
7566,8
7567,0
7568,0
7569,2
7570,3
7571,7
7572,4
7573,0
7574,4
7575,8
7576,4
7577,6
7578,5
7579,8
7580,4
7581,5
7582,0
7583,8
7584,3
7585,7
7586,9
7587,8
7588,2
7589,3
7590,4
7591,7
7592,2
7593,4
7594,1
7595,2
7596,1
7597,5
7598,2
7599,7
7600,3
7601,7
7602,6
7603,2
7604,2
7605,5
7606,4
7607,0
7608,9
7609,9
7610,8
7611,5
7612,7
7613,3
7614,4
7615,0
7616,4
7617,7
7618,8
7619,7
7620,5
7621,0
7622,6
7623,0
7624,7
7625,7
7626,4
7627,6
7628,0
7629,2
7630,9
7631,1
7632,1
7633,9
7634,6
7635,7
7636,7
7637,6
7638,7
7639,9
7640,2
7641,6
7642,4
7643,2
7644,9
7645,2
7646,1
7647,1
7648,3
7649,7
7650,6
7651,7
7652,8
7653,2
7654,4
7655,1
7656,4
7657,9
7658,1
7659,4
7660,5
7661,7
7662,1
7663,8
7664,3
7665,6
7666,1
7667,9
7668,8
7669,7
7670,7
7671,8
7672,7
7673,8
7674,8
7675,0
7676,7
7677,5
7678,4
7679,6
7680,5
7681,1
7682,1
7683,7
7684,8
7685,2
7686,1
7687,0
7688,9
7689,1
7690,2
7691,8
7692,0
7693,7
7694,0
7695,3
7696,6
7697,3
7698,0
7699,4
7700,4
7701,9
7702,6
7703,7
7704,8
7705,3
7706,6
7707,4
7708,4
7709,2
7710,8
7711,9
7712,1
7713,4
7714,3
7715,8
7716,3
7717,5
7718,7
7719,0
7720,8
7721,7
7722,3
7723,1
7724,6
7725,3
7726,9
7727,7
7728,5
7729,2
7730,6
7731,6
7732,5
7733,8
7734,6
7735,9
7736,8
7737,1
7738,4
7739,4
7740,4
7741,5
7742,9
7743,3
7744,7
7745,4
7746,2
7747,4
7748,1
7749,2
7750,0
7751,6
7752,4
7753,2
7754,9
7755,6
7756,8
7757,1
7758,8
7759,8
7760,8
7761,9
7762,2
7763,3
7764,3
7765,4
7766,0
7767,1
7768,1
7769,5
7770,9
7771,8
7772,3
7773,6
7774,6
7775,9
7776,7
7777,1
7778,1
7779,2
7780,5
7781,7
7782,2
7783,9
7784,0
7785,0
7786,9
7787,9
7788,9
7789,5
7790,6
7791,1
7792,4
7793,2
7794,3
7795,2
7796,5
7797,6
7798,1
7799,3
7800,9
7801,6
7802,1
7803,4
7804,3
7805,6
7806,9
7807,4
7808,9
7809,3
7810,0
7811,3
7812,8
7813,7
7814,8
7815,7
7816,9
7817,8
7818,8
7819,3
7820,3
7821,0
7822,2
7823,6
7824,1
7825,9
7826,9
7827,0
7828,2
7829,9
7830,6
7831,1
7832,6
7833,6
7834,2
7835,6
7836,0
7837,1
7838,2
7839,3
7840,5
7841,7
7842,5
7843,1
7844,3
7845,4
7846,8
7847,9
7848,5
7849,8
7850,8
7851,0
7852,8
7853,5
7854,6
7855,7
7856,9
7857,6
7858,9
7859,6
7860,9
7861,1
7862,8
7863,3
7864,3
7865,4
7866,5
7867,7
7868,7
7869,6
7870,3
7871,5
7872,8
7873,6
7874,6
7875,6
7876,2
7877,3
7878,1
7879,2
7880,4
7881,7
7882,0
7883,8
7884,3
7885,3
7886,6
7887,9
7888,3
7889,2
7890,2
7891,9
7892,0
7893,7
7894,2
7895,9
7896,8
7897,0
7898,0
7899,4
7900,1
7901,6
7902,9
7903,4
7904,3
7905,4
7906,1
7907,8
7908,4
7909,5
7910,0
7911,0
7912,1
7913,3
7914,4
7915,4
7916,1
7917,8
7918,4
7919,0
7920,9
7921,5
7922,2
7923,1
7924,5
7925,9
7926,7
7927,1
7928,1
7929,9
7930,7
7931,6
7932,4
7933,4
7934,0
7935,0
7936,9
7937,0
7938,1
7939,1
7940,8
7941,3
7942,0
7943,8
7944,8
7945,1
7946,1
7947,3
7948,0
7949,4
7950,9
7951,3
7952,1
7953,1
7954,3
7955,4
7956,7
7957,7
7958,3
7959,5
7960,8
7961,3
7962,5
7963,2
7964,8
7965,2
7966,0
7967,4
7968,8
7969,2
7970,9
7971,2
7972,0
7973,5
7974,3
7975,3
7976,2
7977,9
7978,1
7979,4
7980,7
7981,8
7982,4
7983,2
7984,8
7985,1
7986,0
7987,2
7988,7
7989,9
7990,4
7991,2
7992,9
7993,6
7994,6
7995,7
7996,0
7997,4
7998,4
7999,4
8000,3
8001,8
8002,8
8003,9
8004,2
8005,6
8006,6
8007,8
8008,2
8009,4
8010,7
8011,8
8012,2
8013,5
8014,8
8015,4
8016,7
8017,7
8018,6
8019,6
8020,7
8021,1
8022,0
8023,9
8024,3
8025,3
8026,2
8027,1
8028,5
8029,7
8030,2
8031,4
8032,4
8033,9
8034,0
8035,8
8036,4
8037,5
8038,0
8039,6
8040,4
8041,7
8042,0
8043,9
8044,9
8045,4
8046,0
8047,5
8048,4
8049,5
8050,7
8051,7
8052,7
8053,5
8054,2
8055,5
8056,2
8057,7
8058,2
8059,9
8060,8
8061,9
8062,2
8063,6
8064,4
8065,1
8066,9
8067,5
8068,4
8069,7
8070,9
8071,5
8072,5
8073,6
8074,7
8075,5
8076,8
8077,6
8078,3
8079,1
8080,8
8081,1
8082,1
8083,0
8084,7
8085,0
8086,0
8087,9
8088,6
8089,0
8090,7
8091,9
8092,2
8093,2
8094,3
8095,1
8096,3
8097,6
8098,0
8099,2
8100,1
8101,0
8102,7
8103,9
8104,4
8105,3
8106,6
8107,7
8108,7
8109,4
8110,3
8111,4
8112,8
8113,2
8114,0
8115,6
8116,5
8117,2
8118,6
8119,1
8120,4
8121,4
8122,2
8123,2
8124,5
8125,3
8126,4
8127,3
8128,9
8129,4
8130,6
8131,7
8132,1
8133,6
8134,8
8135,1
8136,9
8137,4
8138,9
8139,6
8140,0
8141,3
8142,9
8143,3
8144,0
8145,5
8146,8
8147,5
8148,9
8149,4
8150,2
8151,4
8152,6
8153,3
8154,2
8155,7
8156,6
8157,7
8158,2
8159,5
8160,4
8161,4
8162,6
8163,2
8164,3
8165,1
8166,0
8167,9
8168,2
8169,9
8170,9
8171,3
8172,5
8173,9
8174,3
8175,1
8176,2
8177,3
8178,8
8179,3
8180,7
8181,1
8182,8
8183,0
8184,0
8185,2
8186,3
8187,2
8188,5
8189,5
8190,7
8191,8
8192,3
8193,5
8194,2
8195,3
8196,1
8197,4
8198,8
8199,3
8200,7
8201,8
8202,4
8203,9
8204,3
8205,5
8206,0
8207,8
8208,2
8209,3
8210,6
8211,6
8212,3
8213,4
8214,8
8215,4
8216,4
8217,0
8218,4
8219,2
8220,1
8221,6
8222,8
8223,3
8224,0
8225,9
8226,6
8227,8
8228,7
8229,4
8230,4
8231,2
8232,7
8233,7
8234,1
8235,9
8236,2
8237,5
8238,8
8239,1
8240,0
8241,1
8242,5
8243,8
8244,4
8245,1
8246,3
8247,9
8248,3
8249,8
8250,3
8251,0
8252,5
8253,0
8254,2
8255,5
8256,7
8257,3
8258,8
8259,0
8260,2
8261,6
8262,2
8263,7
8264,2
8265,2
8266,0
8267,2
8268,5
8269,0
8270,8
8271,0
8272,5
8273,9
8274,1
8275,5
8276,7
8277,6
8278,9
8279,0
8280,4
8281,4
8282,5
8283,1
8284,9
8285,4
8286,6
8287,7
8288,7
8289,1
8290,8
8291,6
8292,0
8293,4
8294,0
8295,3
8296,1
8297,9
8298,0
8299,8
8300,8
8301,5
8302,5
8303,6
8304,7
8305,1
8306,4
8307,9
8308,4
8309,5
8310,7
8311,9
8312,1
8313,0
8314,6
8315,8
8316,3
8317,9
8318,0
8319,2
8320,3
8321,9
8322,6
8323,0
8324,8
8325,6
8326,6
8327,8
8328,9
8329,5
8330,0
8331,6
8332,9
8333,0
8334,3
8335,0
8336,5
8337,6
8338,9
8339,1
8340,6
8341,0
8342,3
8343,0
8344,2
8345,5
8346,2
8347,0
8348,2
8349,5
8350,5
8351,1
8352,3
8353,2
8354,2
8355,3
8356,2
8357,3
8358,4
8359,4
8360,9
8361,2
8362,1
8363,9
8364,2
8365,3
8366,5
8367,7
8368,3
8369,0
8370,1
8371,5
8372,3
8373,3
8374,2
8375,3
8376,7
8377,9
8378,1
8379,5
8380,2
8381,4
8382,1
8383,7
8384,7
8385,0
8386,7
8387,0
8388,9
8389,6
8390,5
8391,9
8392,5
8393,5
8394,0
8395,5
8396,9
8397,9
8398,0
8399,3
8400,5
8401,9
8402,4
8403,0
8404,6
8405,3
8406,8
8407,6
8408,5
8409,4
8410,0
8411,1
8412,8
8413,4
8414,6
8415,8
8416,2
8417,4
8418,2
8419,0
8420,3
8421,2
8422,3
8423,9
8424,2
8425,6
8426,1
8427,5
8428,1
8429,1
8430,8
8431,8
8432,6
8433,9
8434,1
8435,1
8436,3
8437,5
8438,6
8439,8
8440,0
8441,4
8442,6
8443,7
8444,1
8445,5
8446,5
8447,9
8448,5
8449,7
8450,3
8451,2
8452,8
8453,7
8454,5
8455,9
8456,6
8457,8
8458,3
8459,5
8460,7
8461,8
8462,8
8463,5
8464,6
8465,7
8466,2
8467,0
8468,5
8469,5
8470,4
8471,9
8472,0
8473,7
8474,7
8475,6
8476,4
8477,4
8478,6
8479,4
8480,7
8481,0
8482,2
8483,4
8484,2
8485,5
8486,3
8487,7
8488,0
8489,5
8490,3
8491,5
8492,2
8493,4
8494,5
8495,9
8496,0
8497,0
8498,0
8499,5
8500,8
8501,3
8502,3
8503,3
8504,6
8505,8
8506,7
8507,2
8508,3
8509,3
8510,2
8511,3
8512,2
8513,2
8514,0
8515,5
8516,5
8517,0
8518,7
8519,8
8520,0
8521,3
8522,6
8523,1
8524,7
8525,5
8526,7
8527,7
8528,1
8529,3
8530,7
8531,5
8532,8
8533,6
8534,2
8535,2
8536,6
8537,6
8538,5
8539,8
8540,7
8541,1
8542,9
8543,8
8544,9
8545,4
8546,5
8547,4
8548,8
8549,5
8550,3
8551,9
8552,9
8553,4
8554,1
8555,7
8556,7
8557,4
8558,7
8559,6
8560,9
8561,9
8562,4
8563,8
8564,8
8565,4
8566,0
8567,4
8568,5
8569,5
8570,7
8571,7
8572,4
8573,3
8574,2
8575,5
8576,5
8577,5
8578,1
8579,1
8580,4
8581,8
8582,7
8583,2
8584,9
8585,2
8586,9
8587,7
8588,8
8589,4
8590,7
8591,6
8592,6
8593,3
8594,3
8595,7
8596,8
8597,9
8598,2
8599,3
8600,3
8601,5
8602,9
8603,5
8604,6
8605,6
8606,3
8607,0
8608,0
8609,3
8610,6
8611,4
8612,1
8613,3
8614,0
8615,1
8616,4
8617,3
8618,2
8619,5
8620,9
8621,7
8622,1
8623,5
8624,0
8625,8
8626,2
8627,4
8628,5
8629,9
8630,8
8631,8
8632,9
8633,9
8634,1
8635,4
8636,4
8637,7
8638,7
8639,4
8640,5
8641,9
8642,5
8643,5
8644,5
8645,1
8646,2
8647,2
8648,7
8649,7
8650,3
8651,2
8652,2
8653,4
8654,9
8655,7
8656,9
8657,5
8658,5
8659,4
8660,7
8661,8
8662,2
8663,5
8664,7
8665,6
8666,1
8667,4
8668,5
8669,8
8670,8
8671,0
8672,2
8673,9
8674,3
8675,1
8676,5
8677,5
8678,3
8679,9
8680,1
8681,9
8682,8
8683,2
8684,0
8685,7
8686,3
8687,0
8688,1
8689,5
8690,3
8691,4
8692,1
8693,1
8694,7
8695,8
8696,7
8697,1
8698,8
8699,1
8700,3
8701,3
8702,2
8703,4
8704,4
8705,2
8706,5
8707,5
8708,8
8709,9
8710,7
8711,6
8712,4
8713,4
8714,9
8715,7
8716,8
8717,7
8718,4
8719,3
8720,5
8721,8
8722,1
8723,6
8724,9
8725,6
8726,2
8727,4
8728,8
8729,4
8730,4
8731,4
8732,0
8733,2
8734,3
8735,0
8736,9
8737,1
8738,5
8739,4
8740,1
8741,8
8742,6
8743,4
8744,8
8745,4
8746,2
8747,6
8748,7
8749,4
8750,2
8751,5
8752,9
8753,9
8754,4
8755,2
8756,0
8757,2
8758,7
8759,4
8760,9
8761,4
8762,0
8763,6
8764,6
8765,8
8766,4
8767,2
8768,0
8769,6
8770,4
8771,1
8772,0
8773,5
8774,5
8775,3
8776,8
8777,4
8778,2
8779,3
8780,8
8781,2
8782,3
8783,0
8784,9
8785,6
8786,8
8787,3
8788,4
8789,9
8790,9
8791,1
8792,9
8793,9
8794,9
8795,6
8796,7
8797,0
8798,3
8799,9
8800,6
8801,1
8802,9
8803,9
8804,0
8805,5
8806,0
8807,8
8808,0
8809,9
8810,2
8811,6
8812,9
8813,0
8814,4
8815,9
8816,7
8817,4
8818,1
8819,7
8820,5
8821,3
8822,8
8823,0
8824,4
8825,1
8826,3
8827,1
8828,9
8829,1
8830,9
8831,9
8832,2
8833,4
8834,8
8835,2
8836,4
8837,0
8838,8
8839,6
8840,5
8841,8
8842,5
8843,6
8844,0
8845,8
8846,7
8847,1
8848,1
8849,6
8850,2
8851,2
8852,2
8853,4
8854,1
8855,9
8856,1
8857,9
8858,8
8859,4
8860,8
8861,0
8862,2
8863,9
8864,9
8865,4
8866,5
8867,3
8868,0
8869,8
8870,0
8871,5
8872,1
8873,3
8874,0
8875,0
8876,0
8877,9
8878,7
8879,3
8880,7
8881,0
8882,7
8883,3
8884,1
8885,6
8886,3
8887,0
8888,7
8889,3
8890,5
8891,5
8892,4
8893,8
8894,9
8895,7
8896,3
8897,2
8898,6
8899,2
8900,4
8901,5
8902,4
8903,9
8904,4
8905,1
8906,8
8907,7
8908,8
8909,0
8910,0
8911,2
8912,4
8913,2
8914,3
8915,3
8916,8
8917,5
8918,9
8919,3
8920,1
8921,4
8922,3
8923,0
8924,3
8925,1
8926,1
8927,8
8928,6
8929,9
8930,6
8931,7
8932,4
8933,0
8934,2
8935,2
8936,2
8937,6
8938,5
8939,4
8940,3
8941,2
8942,3
8943,1
8944,3
8945,8
8946,7
8947,3
8948,0
8949,1
8950,3
8951,2
8952,7
8953,2
8954,7
8955,7
8956,9
8957,2
8958,4
8959,1
8960,3
8961,4
8962,9
8963,2
8964,6
8965,2
8966,8
8967,8
8968,8
8969,5
8970,0
8971,1
8972,3
8973,6
8974,5
8975,0
8976,8
8977,2
8978,7
8979,5
8980,3
8981,7
8982,9
8983,6
8984,9
8985,8
8986,9
8987,1
8988,1
8989,6
8990,8
8991,8
8992,7
8993,2
8994,2
8995,6
8996,9
8997,8
8998,3
8999,6
9000,8
9001,5
9002,2
9003,4
9004,7
9005,4
9006,1
9007,0
9008,2
9009,5
9010,5
9011,8
9012,0
9013,1
9014,3
9015,8
9016,5
9017,8
9018,2
9019,3
9020,6
9021,6
9022,7
9023,7
9024,1
9025,1
9026,9
9027,9
9028,9
9029,7
9030,9
9031,7
9032,8
9033,3
9034,6
9035,9
9036,6
9037,6
9038,3
9039,2
9040,8
9041,2
9042,7
9043,7
9044,4
9045,4
9046,1
9047,0
9048,4
9049,8
9050,1
9051,1
9052,8
9053,7
9054,5
9055,3
9056,7
9057,8
9058,9
9059,9
9060,2
9061,6
9062,3
9063,4
9064,7
9065,7
9066,5
9067,9
9068,2
9069,0
9070,6
9071,3
9072,4
9073,5
9074,6
9075,8
9076,7
9077,8
9078,3
9079,2
9080,4
9081,5
9082,4
9083,5
9084,6
9085,0
9086,3
9087,1
9088,9
9089,3
9090,5
9091,9
9092,2
9093,9
9094,5
9095,8
9096,4
9097,8
9098,2
9099,9
9100,1
9101,3
9102,9
9103,8
9104,5
9105,3
9106,4
9107,0
9108,2
9109,0
9110,1
9111,5
9112,0
9113,7
9114,0
9115,5
9116,0
9117,0
9118,8
9119,3
9120,6
9121,5
9122,2
9123,4
9124,6
9125,0
9126,7
9127,8
9128,5
9129,9
9130,8
9131,0
9132,9
9133,1
9134,9
9135,7
9136,2
9137,1
9138,2
9139,8
9140,0
9141,1
9142,4
9143,8
9144,0
9145,7
9146,8
9147,2
9148,6
9149,6
9150,0
9151,1
9152,8
9153,9
9154,6
9155,1
9156,3
9157,8
9158,4
9159,8
9160,4
9161,2
9162,0
9163,0
9164,1
9165,8
9166,8
9167,0
9168,6
9169,9
9170,7
9171,8
9172,5
9173,5
9174,5
9175,2
9176,6
9177,5
9178,5
9179,4
9180,5
9181,1
9182,3
9183,1
9184,4
9185,7
9186,4
9187,5
9188,5
9189,3
9190,8
9191,9
9192,7
9193,3
9194,2
9195,4
9196,4
9197,4
9198,5
9199,9
9200,4
9201,3
9202,8
9203,4
9204,0
9205,0
9206,9
9207,3
9208,7
9209,3
9210,7
9211,5
9212,9
9213,9
9214,8
9215,3
9216,0
9217,5
9218,9
9219,9
9220,8
9221,4
9222,1
9223,1
9224,0
9225,9
9226,4
9227,4
9228,9
9229,7
9230,2
9231,4
9232,0
9233,2
9234,4
9235,1
9236,0
9237,9
9238,5
9239,8
9240,2
9241,0
9242,0
9243,2
9244,7
9245,5
9246,6
9247,6
9248,6
9249,0
9250,9
9251,8
9252,2
9253,4
9254,6
9255,7
9256,6
9257,6
9258,1
9259,1
9260,3
9261,7
9262,0
9263,3
9264,2
9265,4
9266,3
9267,8
9268,4
9269,7
9270,6
9271,7
9272,2
9273,0
9274,2
9275,9
9276,1
9277,3
9278,5
9279,9
9280,5
9281,2
9282,4
9283,1
9284,4
9285,1
9286,3
9287,8
9288,8
9289,7
9290,9
9291,5
9292,9
9293,2
9294,5
9295,8
9296,3
9297,6
9298,3
9299,2
9300,4
9301,5
9302,6
9303,7
9304,4
9305,2
9306,2
9307,0
9308,5
9309,1
9310,7
9311,9
9312,3
9313,9
9314,8
9315,4
9316,6
9317,4
9318,3
9319,6
9320,0
9321,1
9322,4
9323,3
9324,3
9325,1
9326,9
9327,3
9328,9
9329,7
9330,5
9331,4
9332,0
9333,1
9334,4
9335,9
9336,5
9337,9
9338,1
9339,1
9340,5
9341,4
9342,7
9343,5
9344,1
9345,1
9346,1
9347,2
9348,5
9349,4
9350,5
9351,0
9352,5
9353,4
9354,1
9355,6
9356,0
9357,4
9358,9
9359,8
9360,3
9361,8
9362,8
9363,8
9364,6
9365,8
9366,2
9367,3
9368,6
9369,3
9370,3
9371,0
9372,2
9373,0
9374,7
9375,8
9376,6
9377,9
9378,8
9379,0
9380,9
9381,9
9382,1
9383,1
9384,6
9385,0
9386,2
9387,5
9388,5
9389,7
9390,5
9391,8
9392,5
9393,4
9394,4
9395,7
9396,9
9397,2
9398,5
9399,8
9400,6
9401,6
9402,4
9403,7
9404,1
9405,0
9406,5
9407,3
9408,1
9409,4
9410,9
9411,0
9412,0
9413,8
9414,6
9415,8
9416,4
9417,2
9418,9
9419,3
9420,4
9421,9
9422,4
9423,8
9424,1
9425,3
9426,6
9427,4
9428,1
9429,3
9430,2
9431,5
9432,2
9433,4
9434,0
9435,7
9436,5
9437,5
9438,0
9439,5
9440,8
9441,0
9442,2
9443,2
9444,6
9445,7
9446,5
9447,4
9448,8
9449,3
9450,4
9451,6
9452,9
9453,0
9454,6
9455,1
9456,9
9457,3
9458,9
9459,5
9460,2
9461,1
9462,4
9463,7
9464,6
9465,9
9466,5
9467,4
9468,9
9469,6
9470,6
9471,7
9472,8
9473,4
9474,6
9475,0
9476,6
9477,5
9478,0
9479,5
9480,8
9481,9
9482,7
9483,2
9484,1
9485,1
9486,3
9487,9
9488,8
9489,1
9490,0
9491,8
9492,8
9493,9
9494,2
9495,4
9496,3
9497,6
9498,8
9499,1
9500,2
9501,4
9502,3
9503,2
9504,9
9505,0
9506,1
9507,8
9508,8
9509,6
9510,5
9511,2
9512,7
9513,6
9514,9
9515,8
9516,5
9517,3
9518,9
9519,6
9520,4
9521,7
9522,5
9523,8
9524,0
9525,4
9526,6
9527,6
9528,1
9529,6
9530,8
9531,4
9532,9
9533,0
9534,2
9535,1
9536,2
9537,7
9538,5
9539,3
9540,7
9541,4
9542,5
9543,6
9544,6
9545,9
9546,6
9547,9
9548,5
9549,2
9550,1
9551,7
9552,6
9553,8
9554,7
9555,6
9556,4
9557,7
9558,0
9559,4
9560,4
9561,7
9562,8
9563,9
9564,4
9565,4
9566,4
9567,5
9568,6
9569,8
9570,0
9571,7
9572,1
9573,2
9574,8
9575,4
9576,2
9577,5
9578,4
9579,3
9580,6
9581,4
9582,7
9583,9
9584,7
9585,4
9586,7
9587,5
9588,3
9589,7
9590,0
9591,8
9592,0
9593,0
9594,5
9595,2
9596,9
9597,8
9598,0
9599,1
9600,5
9601,4
9602,0
9603,0
9604,1
9605,1
9606,2
9607,7
9608,9
9609,9
9610,2
9611,4
9612,2
9613,1
9614,3
9615,0
9616,8
9617,4
9618,8
9619,6
9620,4
9621,8
9622,7
9623,0
9624,4
9625,8
9626,2
9627,9
9628,5
9629,8
9630,4
9631,9
9632,8
9633,7
9634,4
9635,1
9636,0
9637,4
9638,1
9639,0
9640,7
9641,5
9642,2
9643,2
9644,4
9645,4
9646,5
9647,9
9648,1
9649,2
9650,9
9651,1
9652,5
9653,9
9654,0
9655,7
9656,3
9657,3
9658,8
9659,5
9660,4
9661,4
9662,1
9663,0
9664,2
9665,2
9666,2
9667,5
9668,7
9669,8
9670,6
9671,0
9672,2
9673,3
9674,3
9675,4
9676,2
9677,8
9678,9
9679,2
9680,1
9681,6
9682,1
9683,7
9684,0
9685,5
9686,1
9687,2
9688,1
9689,1
9690,9
9691,6
9692,0
9693,6
9694,7
9695,2
9696,0
9697,3
9698,7
9699,3
9700,5
9701,5
9702,8
9703,0
9704,7
9705,6
9706,1
9707,6
9708,1
9709,6
9710,8
9711,4
9712,6
9713,5
9714,9
9715,7
9716,5
9717,1
9718,2
9719,0
9720,3
9721,4
9722,5
9723,2
9724,5
9725,5
9726,5
9727,3
9728,1
9729,8
9730,8
9731,3
9732,5
9733,6
9734,9
9735,8
9736,1
9737,7
9738,4
9739,8
9740,4
9741,6
9742,8
9743,4
9744,7
9745,9
9746,4
9747,6
9748,8
9749,0
9750,0
9751,3
9752,6
9753,6
9754,1
9755,5
9756,6
9757,3
9758,1
9759,1
9760,3
9761,2
9762,4
9763,9
9764,4
9765,9
9766,8
9767,8
9768,0
9769,0
9770,0
9771,4
9772,0
9773,9
9774,2
9775,9
9776,9
9777,3
9778,0
9779,1
9780,5
9781,4
9782,9
9783,5
9784,9
9785,7
9786,2
9787,6
9788,1
9789,7
9790,8
9791,7
9792,0
9793,1
9794,9
9795,9
9796,7
9797,2
9798,8
9799,8
9800,5
9801,2
9802,0
9803,0
9804,6
9805,4
9806,5
9807,8
9808,7
9809,6
9810,8
9811,9
9812,7
9813,2
9814,7
9815,1
9816,7
9817,3
9818,5
9819,1
9820,2
9821,1
9822,7
9823,5
9824,4
9825,8
9826,3
9827,0
9828,9
9829,9
9830,8
9831,1
9832,1
9833,5
9834,7
9835,8
9836,7
9837,7
9838,8
9839,6
9840,0
9841,8
9842,3
9843,9
9844,1
9845,1
9846,0
9847,1
9848,7
9849,1
9850,7
9851,7
9852,7
9853,1
9854,1
9855,2
9856,7
9857,7
9858,8
9859,4
9860,2
9861,9
9862,3
9863,4
9864,2
9865,7
9866,2
9867,7
9868,5
9869,3
9870,3
9871,0
9872,5
9873,3
9874,9
9875,8
9876,4
9877,5
9878,9
9879,4
9880,6
9881,2
9882,2
9883,2
9884,5
9885,2
9886,6
9887,4
9888,2
9889,6
9890,4
9891,9
9892,3
9893,5
9894,8
9895,6
9896,6
9897,3
9898,3
9899,9
9900,0
9901,1
9902,3
9903,5
9904,0
9905,2
9906,0
9907,9
9908,2
9909,9
9910,3
9911,3
9912,2
9913,8
9914,1
9915,1
9916,4
9917,2
9918,1
9919,8
9920,9
9921,4
9922,0
9923,8
9924,0
9925,1
9926,3
9927,5
9928,3
9929,8
9930,4
9931,1
9932,9
9933,0
9934,0
9935,3
9936,1
9937,2
9938,1
9939,9
9940,7
9941,5
9942,8
9943,0
9944,2
9945,2
9946,1
9947,4
9948,8
9949,8
9950,6
9951,7
9952,2
9953,8
9954,3
9955,5
9956,1
9957,2
9958,2
9959,4
9960,3
9961,6
9962,8
9963,4
9964,6
9965,0
9966,3
9967,8
9968,2
9969,6
9970,9
9971,3
9972,5
9973,6
9974,6
9975,4
9976,4
9977,2
9978,9
9979,7
9980,3
9981,0
9982,4
9983,5
9984,4
9985,0
9986,4
9987,0
9988,6
9989,1
9990,2
9991,1
9992,7
9993,2
9994,8
9995,5
9996,1
9997,3
9998,0
9999,5
10000,9
10001,2
10002,1
10003,1
10004,6
10005,1
10006,4
10007,6
10008,5
10009,7
10010,4
10011,5
10012,5
10013,3
10014,4
10015,1
10016,2
10017,6
10018,8
10019,0
10020,2
10021,5
10022,7
10023,5
10024,1
10025,6
10026,6
10027,0
10028,9
10029,3
10030,8
10031,8
10032,3
10033,3
10034,8
10035,0
10036,7
10037,5
10038,7
10039,9
10040,6
10041,1
10042,0
10043,7
10044,4
10045,7
10046,2
10047,1
10048,6
10049,6
10050,4
10051,2
10052,5
10053,8
10054,2
10055,2
10056,8
10057,4
10058,8
10059,0
10060,7
10061,7
10062,8
10063,5
10064,1
10065,1
10066,4
10067,3
10068,7
10069,8
10070,7
10071,0
10072,2
10073,6
10074,2
10075,3
10076,1
10077,2
10078,8
10079,4
10080,1
10081,8
10082,5
10083,9
10084,5
10085,0
10086,3
10087,2
10088,0
10089,6
10090,5
10091,3
10092,6
10093,7
10094,1
10095,8
10096,0
10097,1
10098,4
10099,2
10100,3
10101,6
10102,7
10103,2
10104,7
10105,8
10106,5
10107,9
10108,9
10109,4
10110,2
10111,5
10112,7
10113,0
10114,5
10115,2
10116,8
10117,6
10118,7
10119,8
10120,0
10121,0
10122,9
10123,9
10124,3
10125,0
10126,8
10127,6
10128,1
10129,5
10130,4
10131,1
10132,9
10133,1
10134,8
10135,4
10136,6
10137,1
10138,2
10139,5
10140,1
10141,0
10142,0
10143,0
10144,1
10145,6
10146,1
10147,3
10148,2
10149,6
10150,3
10151,4
10152,1
10153,3
10154,5
10155,0
10156,4
10157,7
10158,9
10159,3
10160,7
10161,2
10162,3
10163,9
10164,0
10165,9
10166,4
10167,7
10168,4
10169,2
10170,0
10171,5
10172,6
10173,1
10174,2
10175,1
10176,3
10177,0
10178,9
10179,1
10180,0
10181,9
10182,3
10183,6
10184,7
10185,9
10186,9
10187,4
10188,4
10189,7
10190,1
10191,2
10192,1
10193,6
10194,3
10195,2
10196,8
10197,3
10198,6
10199,1
10200,1
10201,0
10202,2
10203,9
10204,2
10205,4
10206,0
10207,7
10208,9
10209,8
10210,4
10211,1
10212,8
10213,2
10214,1
10215,3
10216,1
10217,4
10218,7
10219,4
10220,8
10221,5
10222,2
10223,0
10224,7
10225,7
10226,6
10227,2
10228,7
10229,6
10230,7
10231,8
10232,9
10233,2
10234,9
10235,0
10236,5
10237,1
10238,4
10239,4
10240,5
10241,4
10242,9
10243,2
10244,2
10245,8
10246,6
10247,4
10248,2
10249,2
10250,9
10251,7
10252,0
10253,5
10254,5
10255,2
10256,8
10257,5
10258,2
10259,3
10260,0
10261,4
10262,8
10263,0
10264,0
10265,6
10266,3
10267,8
10268,9
10269,0
10270,1
10271,3
10272,0
10273,2
10274,3
10275,0
10276,8
10277,3
10278,7
10279,4
10280,0
10281,1
10282,6
10283,3
10284,0
10285,6
10286,0
10287,7
10288,5
10289,4
10290,5
10291,9
10292,5
10293,6
10294,5
10295,5
10296,1
10297,9
10298,8
10299,8
10300,3
10301,3
10302,6
10303,8
10304,0
10305,0
10306,2
10307,9
10308,7
10309,7
10310,1
10311,3
10312,2
10313,4
10314,2
10315,4
10316,7
10317,1
10318,6
10319,4
10320,8
10321,2
10322,6
10323,5
10324,6
10325,2
10326,7
10327,7
10328,7
10329,3
10330,3
10331,7
10332,4
10333,7
10334,1
10335,3
10336,7
10337,2
10338,2
10339,3
10340,4
10341,0
10342,3
10343,1
10344,0
10345,1
10346,9
10347,4
10348,9
10349,9
10350,1
10351,7
10352,8
10353,3
10354,6
10355,0
10356,2
10357,4
10358,8
10359,0
10360,1
10361,6
10362,2
10363,4
10364,4
10365,7
10366,3
10367,2
10368,2
10369,5
10370,0
10371,7
10372,9
10373,4
10374,0
10375,9
10376,3
10377,9
10378,3
10379,2
10380,5
10381,6
10382,0
10383,3
10384,5
10385,8
10386,1
10387,2
10388,2
10389,2
10390,6
10391,4
10392,9
10393,5
10394,2
10395,0
10396,6
10397,6
10398,1
10399,2
10400,0
10401,9
10402,7
10403,0
10404,3
10405,4
10406,6
10407,6
10408,2
10409,1
10410,6
10411,6
10412,7
10413,2
10414,9
10415,4
10416,2
10417,1
10418,5
10419,4
10420,5
10421,3
10422,8
10423,5
10424,8
10425,4
10426,4
10427,8
10428,9
10429,8
10430,6
10431,2
10432,4
10433,4
10434,2
10435,4
10436,1
10437,6
10438,1
10439,3
10440,0
10441,7
10442,8
10443,8
10444,4
10445,5
10446,3
10447,1
10448,9
10449,5
10450,3
10451,3
10452,0
10453,1
10454,6
10455,2
10456,9
10457,4
10458,0
10459,6
10460,6
10461,4
10462,2
10463,0
10464,0
10465,3
10466,3
10467,8
10468,6
10469,8
10470,9
10471,4
10472,0
10473,7
10474,0
10475,4
10476,4
10477,9
10478,2
10479,9
10480,7
10481,9
10482,3
10483,7
10484,5
10485,7
10486,8
10487,1
10488,0
10489,0
10490,0
10491,4
10492,8
10493,9
10494,7
10495,9
10496,1
10497,2
10498,7
10499,0
10500,2
10501,0
10502,5
10503,7
10504,1
10505,8
10506,2
10507,2
10508,2
10509,2
10510,4
10511,6
10512,6
10513,1
10514,9
10515,8
10516,5
10517,1
10518,9
10519,1
10520,2
10521,8
10522,3
10523,8
10524,9
10525,2
10526,4
10527,6
10528,8
10529,0
10530,2
10531,0
10532,5
10533,8
10534,8
10535,5
10536,3
10537,9
10538,4
10539,3
10540,4
10541,2
10542,5
10543,1
10544,0
10545,1
10546,2
10547,6
10548,4
10549,9
10550,6
10551,1
10552,5
10553,1
10554,1
10555,1
10556,9
10557,3
10558,4
10559,5
10560,3
10561,6
10562,6
10563,6
10564,4
10565,0
10566,0
10567,5
10568,8
10569,6
10570,6
10571,4
10572,6
10573,7
10574,7
10575,8
10576,9
10577,0
10578,6
10579,8
10580,7
10581,6
10582,7
10583,9
10584,3
10585,2
10586,6
10587,6
10588,5
10589,2
10590,1
10591,1
10592,5
10593,9
10594,4
10595,2
10596,5
10597,7
10598,8
10599,1
10600,6
10601,9
10602,5
10603,7
10604,1
10605,0
10606,9
10607,6
10608,2
10609,9
10610,0
10611,7
10612,6
10613,8
10614,2
10615,7
10616,0
10617,2
10618,3
10619,8
10620,2
10621,2
10622,6
10623,7
10624,3
10625,0
10626,7
10627,8
10628,6
10629,2
10630,9
10631,4
10632,2
10633,6
10634,4
10635,8
10636,0
10637,4
10638,4
10639,2
10640,7
10641,5
10642,8
10643,4
10644,9
10645,1
10646,0
10647,5
10648,4
10649,4
10650,4
10651,0
10652,0
10653,4
10654,5
10655,4
10656,0
10657,4
10658,5
10659,2
10660,1
10661,3
10662,1
10663,1
10664,2
10665,4
10666,3
10667,8
10668,2
10669,0
10670,0
10671,5
10672,0
10673,4
10674,6
10675,8
10676,5
10677,0
10678,8
10679,2
10680,9
10681,0
10682,8
10683,9
10684,6
10685,4
10686,2
10687,9
10688,6
10689,4
10690,5
10691,0
10692,9
10693,5
10694,3
10695,6
10696,6
10697,8
10698,3
10699,3
10700,8
10701,1
10702,4
10703,0
10704,9
10705,7
10706,9
10707,4
10708,8
10709,9
10710,1
10711,3
10712,7
10713,8
10714,0
10715,2
10716,6
10717,7
10718,1
10719,0
10720,0
10721,8
10722,7
10723,2
10724,2
10725,6
10726,2
10727,4
10728,1
10729,5
10730,9
10731,0
10732,0
10733,1
10734,6
10735,5
10736,0
10737,0
10738,3
10739,3
10740,3
10741,8
10742,1
10743,1
10744,8
10745,5
10746,7
10747,7
10748,8
10749,7
10750,2
10751,0
10752,7
10753,3
10754,8
10755,0
10756,9
10757,7
10758,6
10759,1
10760,0
10761,6
10762,4
10763,8
10764,0
10765,6
10766,3
10767,6
10768,8
10769,4
10770,0
10771,8
10772,9
10773,2
10774,4
10775,5
10776,9
10777,1
10778,4
10779,4
10780,9
10781,2
10782,1
10783,7
10784,9
10785,5
10786,8
10787,3
10788,7
10789,7
10790,1
10791,1
10792,1
10793,2
10794,9
10795,5
10796,3
10797,8
10798,4
10799,2
10800,9
10801,4
10802,8
10803,3
10804,2
10805,4
10806,4
10807,7
10808,1
10809,4
10810,9
10811,3
10812,5
10813,8
10814,5
10815,4
10816,7
10817,2
10818,8
10819,5
10820,9
10821,3
10822,3
10823,6
10824,7
10825,1
10826,7
10827,3
10828,5
10829,4
10830,6
10831,5
10832,8
10833,3
10834,7
10835,1
10836,2
10837,6
10838,1
10839,9
10840,8
10841,2
10842,7
10843,1
10844,3
10845,7
10846,5
10847,9
10848,9
10849,1
10850,8
10851,4
10852,5
10853,7
10854,1
10855,9
10856,9
10857,1
10858,0
10859,0
10860,6
10861,1
10862,7
10863,1
10864,1
10865,5
10866,7
10867,1
10868,5
10869,2
10870,2
10871,3
10872,3
10873,1
10874,1
10875,4
10876,9
10877,2
10878,3
10879,7
10880,7
10881,4
10882,8
10883,9
10884,9
10885,6
10886,1
10887,1
10888,4
10889,0
10890,0
10891,5
10892,9
10893,4
10894,0
10895,5
10896,5
10897,1
10898,5
10899,7
10900,8
10901,7
10902,9
10903,3
10904,6
10905,2
10906,0
10907,4
10908,0
10909,2
10910,0
10911,2
10912,5
10913,5
10914,1
10915,2
10916,0
10917,9
10918,3
10919,7
10920,8
10921,4
10922,8
10923,3
10924,4
10925,5
10926,0
10927,7
10928,4
10929,8
10930,6
10931,3
10932,4
10933,4
10934,3
10935,4
10936,9
10937,0
10938,2
10939,4
10940,9
10941,1
10942,8
10943,1
10944,7
10945,5
10946,5
10947,6
10948,0
10949,2
10950,1
10951,0
10952,5
10953,4
10954,0
10955,0
10956,4
10957,7
10958,5
10959,0
10960,2
10961,5
10962,9
10963,4
10964,8
10965,2
10966,6
10967,4
10968,0
10969,2
10970,9
10971,0
10972,7
10973,7
10974,1
10975,4
10976,2
10977,0
10978,5
10979,0
10980,9
10981,9
10982,8
10983,8
10984,3
10985,0
10986,2
10987,4
10988,6
10989,6
10990,3
10991,2
10992,3
10993,5
10994,2
10995,7
10996,3
10997,4
10998,7
10999,7
11000,6
11001,3
11002,5
11003,5
11004,6
11005,4
11006,5
11007,9
11008,6
11009,3
11010,7
11011,5
11012,1
11013,9
11014,8
11015,8
11016,9
11017,9
11018,2
11019,7
11020,2
11021,2
11022,3
11023,8
11024,7
11025,6
11026,4
11027,5
11028,4
11029,1
11030,6
11031,1
11032,4
11033,9
11034,3
11035,1
11036,6
11037,5
11038,0
11039,5
11040,7
11041,5
11042,2
11043,3
11044,3
11045,9
11046,6
11047,3
11048,6
11049,0
11050,4
11051,9
11052,0
11053,4
11054,9
11055,6
11056,0
11057,3
11058,2
11059,7
11060,0
11061,2
11062,1
11063,1
11064,4
11065,4
11066,8
11067,5
11068,9
11069,0
11070,1
11071,6
11072,5
11073,1
11074,4
11075,4
11076,8
11077,2
11078,7
11079,7
11080,3
11081,8
11082,1
11083,1
11084,9
11085,8
11086,1
11087,3
11088,3
11089,7
11090,5
11091,1
11092,5
11093,7
11094,8
11095,9
11096,6
11097,3
11098,5
11099,8
11100,4
11101,6
11102,3
11103,8
11104,4
11105,5
11106,5
11107,6
11108,7
11109,1
11110,5
11111,3
11112,5
11113,4
11114,8
11115,6
11116,2
11117,1
11118,1
11119,7
11120,9
11121,6
11122,2
11123,7
11124,6
11125,4
11126,8
11127,2
11128,2
11129,0
11130,0
11131,4
11132,4
11133,9
11134,6
11135,8
11136,4
11137,5
11138,9
11139,6
11140,3
11141,9
11142,6
11143,9
11144,8
11145,7
11146,4
11147,2
11148,2
11149,5
11150,3
11151,7
11152,6
11153,7
11154,2
11155,9
11156,3
11157,7
11158,0
11159,9
11160,3
11161,8
11162,4
11163,4
11164,7
11165,2
11166,4
11167,6
11168,2
11169,0
11170,7
11171,8
11172,4
11173,2
11174,6
11175,5
11176,5
11177,6
11178,4
11179,5
11180,5
11181,8
11182,1
11183,1
11184,7
11185,4
11186,6
11187,9
11188,6
11189,8
11190,7
11191,4
11192,2
11193,1
11194,6
11195,7
11196,7
11197,4
11198,9
11199,5
11200,5
11201,1
11202,1
11203,0
11204,2
11205,0
11206,9
11207,3
11208,1
11209,9
11210,3
11211,5
11212,5
11213,2
11214,0
11215,7
11216,0
11217,2
11218,0
11219,1
11220,3
11221,1
11222,3
11223,6
11224,9
11225,2
11226,4
11227,9
11228,5
11229,2
11230,9
11231,6
11232,3
11233,4
11234,4
11235,6
11236,0
11237,5
11238,2
11239,2
11240,5
11241,6
11242,1
11243,4
11244,2
11245,5
11246,4
11247,4
11248,8
11249,6
11250,2
11251,4
11252,0
11253,6
11254,4
11255,6
11256,8
11257,3
11258,8
11259,2
11260,0
11261,4
11262,4
11263,8
11264,8
11265,4
11266,5
11267,2
11268,2
11269,3
11270,0
11271,1
11272,9
11273,0
11274,9
11275,1
11276,9
11277,0
11278,5
11279,2
11280,4
11281,7
11282,3
11283,8
11284,5
11285,0
11286,8
11287,0
11288,7
11289,5
11290,5
11291,9
11292,5
11293,0
11294,6
11295,0
11296,3
11297,2
11298,4
11299,4
11300,5
11301,7
11302,1
11303,3
11304,4
11305,6
11306,4
11307,5
11308,1
11309,6
11310,7
11311,3
11312,6
11313,8
11314,8
11315,2
11316,8
11317,9
11318,4
11319,1
11320,6
11321,5
11322,2
11323,7
11324,8
11325,5
11326,6
11327,8
11328,5
11329,4
11330,2
11331,8
11332,9
11333,8
11334,4
11335,3
11336,6
11337,8
11338,8
11339,3
11340,0
11341,9
11342,4
11343,4
11344,8
11345,1
11346,3
11347,6
11348,1
11349,9
11350,2
11351,1
11352,6
11353,2
11354,7
11355,9
11356,6
11357,6
11358,0
11359,4
11360,4
11361,2
11362,4
11363,5
11364,0
11365,2
11366,8
11367,3
11368,7
11369,2
11370,4
11371,0
11372,0
11373,5
11374,2
11375,8
11376,2
11377,4
11378,3
11379,0
11380,2
11381,1
11382,7
11383,7
11384,5
11385,4
11386,7
11387,6
11388,4
11389,7
11390,3
11391,3
11392,1
11393,3
11394,3
11395,6
11396,6
11397,1
11398,7
11399,2
11400,4
11401,7
11402,1
11403,0
11404,6
11405,5
11406,8
11407,4
11408,6
11409,7
11410,9
11411,5
11412,0
11413,7
11414,9
11415,5
11416,1
11417,2
11418,9
11419,5
11420,5
11421,3
11422,9
11423,9
11424,1
11425,6
11426,7
11427,8
11428,0
11429,1
11430,7
11431,4
11432,7
11433,1
11434,1
11435,5
11436,5
11437,6
11438,4
11439,5
11440,9
11441,5
11442,5
11443,2
11444,3
11445,9
11446,3
11447,8
11448,5
11449,2
11450,0
11451,6
11452,0
11453,5
11454,7
11455,8
11456,5
11457,2
11458,6
11459,4
11460,4
11461,7
11462,6
11463,0
11464,5
11465,1
11466,7
11467,2
11468,3
11469,6
11470,8
11471,7
11472,8
11473,7
11474,1
11475,2
11476,3
11477,2
11478,9
11479,7
11480,5
11481,6
11482,3
11483,0
11484,7
11485,1
11486,2
11487,6
11488,9
11489,3
11490,6
11491,4
11492,4
11493,3
11494,0
11495,0
11496,2
11497,3
11498,6
11499,1
11500,3
11501,7
11502,4
11503,5
11504,3
11505,9
11506,1
11507,1
11508,8
11509,0
11510,9
11511,5
11512,0
11513,5
11514,4
11515,6
11516,7
11517,1
11518,1
11519,5
11520,3
11521,8
11522,7
11523,8
11524,3
11525,8
11526,9
11527,6
11528,2
11529,1
11530,1
11531,3
11532,5
11533,6
11534,7
11535,1
11536,9
11537,9
11538,6
11539,2
11540,7
11541,0
11542,1
11543,3
11544,9
11545,6
11546,3
11547,7
11548,2
11549,8
11550,1
11551,8
11552,0
11553,7
11554,9
11555,8
11556,5
11557,8
11558,2
11559,6
11560,4
11561,0
11562,6
11563,5
11564,8
11565,3
11566,8
11567,7
11568,5
11569,7
11570,3
11571,7
11572,6
11573,7
11574,0
11575,2
11576,2
11577,5
11578,3
11579,5
11580,1
11581,1
11582,7
11583,7
11584,6
11585,3
11586,6
11587,4
11588,6
11589,8
11590,6
11591,3
11592,1
11593,4
11594,9
11595,9
11596,2
11597,5
11598,2
11599,2
11600,7
11601,8
11602,0
11603,7
11604,9
11605,1
11606,2
11607,9
11608,4
11609,7
11610,3
11611,4
11612,3
11613,3
11614,1
11615,8
11616,8
11617,7
11618,3
11619,8
11620,0
11621,3
11622,4
11623,3
11624,2
11625,0
11626,4
11627,7
11628,3
11629,2
11630,8
11631,3
11632,7
11633,7
11634,3
11635,1
11636,7
11637,5
11638,8
11639,8
11640,2
11641,0
11642,8
11643,2
11644,4
11645,8
11646,5
11647,7
11648,0
11649,6
11650,6
11651,7
11652,7
11653,3
11654,9
11655,2
11656,5
11657,9
11658,7
11659,1
11660,7
11661,2
11662,4
11663,5
11664,1
11665,4
11666,5
11667,4
11668,5
11669,0
11670,4
11671,4
11672,1
11673,4
11674,4
11675,8
11676,4
11677,5
11678,9
11679,4
11680,1
11681,1
11682,7
11683,2
11684,3
11685,5
11686,6
11687,3
11688,9
11689,7
11690,5
11691,3
11692,8
11693,8
11694,8
11695,9
11696,1
11697,1
11698,6
11699,4
11700,1
11701,4
11702,3
11703,4
11704,9
11705,9
11706,6
11707,0
11708,4
11709,9
11710,6
11711,9
11712,6
11713,6
11714,1
11715,8
11716,9
11717,2
11718,9
11719,4
11720,8
11721,0
11722,7
11723,2
11724,3
11725,6
11726,2
11727,5
11728,6
11729,1
11730,9
11731,6
11732,2
11733,2
11734,9
11735,9
11736,0
11737,8
11738,3
11739,6
11740,0
11741,6
11742,0
11743,4
11744,2
11745,6
11746,6
11747,5
11748,0
11749,2
11750,7
11751,8
11752,7
11753,4
11754,6
11755,6
11756,6
11757,5
11758,2
11759,4
11760,2
11761,9
11762,5
11763,2
11764,6
11765,7
11766,0
11767,1
11768,9
11769,5
11770,5
11771,0
11772,7
11773,7
11774,5
11775,0
11776,5
11777,0
11778,6
11779,4
11780,7
11781,9
11782,8
11783,2
11784,4
11785,7
11786,3
11787,3
11788,7
11789,7
11790,7
11791,8
11792,4
11793,9
11794,5
11795,7
11796,6
11797,5
11798,7
11799,5
11800,1
11801,3
11802,0
11803,4
11804,9
11805,9
11806,8
11807,3
11808,7
11809,0
11810,4
11811,4
11812,9
11813,3
11814,3
11815,1
11816,7
11817,9
11818,1
11819,5
11820,7
11821,2
11822,5
11823,6
11824,5
11825,5
11826,3
11827,7
11828,5
11829,5
11830,4
11831,0
11832,7
11833,3
11834,3
11835,2
11836,0
11837,2
11838,9
11839,9
11840,0
11841,3
11842,0
11843,8
11844,3
11845,8
11846,8
11847,2
11848,4
11849,1
11850,8
11851,2
11852,8
11853,5
11854,0
11855,4
11856,4
11857,3
11858,0
11859,6
11860,1
11861,0
11862,8
11863,4
11864,9
11865,0
11866,7
11867,0
11868,7
11869,7
11870,1
11871,5
11872,8
11873,7
11874,2
11875,9
11876,9
11877,1
11878,2
11879,4
11880,1
11881,1
11882,1
11883,8
11884,8
11885,1
11886,3
11887,7
11888,5
11889,2
11890,0
11891,8
11892,4
11893,8
11894,9
11895,2
11896,1
11897,3
11898,1
11899,9
11900,8
11901,1
11902,1
11903,1
11904,8
11905,6
11906,9
11907,9
11908,7
11909,6
11910,6
11911,6
11912,2
11913,1
11914,1
11915,7
11916,9
11917,2
11918,2
11919,0
11920,3
11921,0
11922,2
11923,8
11924,1
11925,7
11926,2
11927,4
11928,2
11929,2
11930,4
11931,8
11932,7
11933,1
11934,8
11935,5
11936,5
11937,7
11938,7
11939,6
11940,6
11941,2
11942,7
11943,0
11944,6
11945,3
11946,5
11947,5
11948,0
11949,2
11950,1
11951,0
11952,3
11953,7
11954,7
11955,1
11956,7
11957,2
11958,5
11959,7
11960,9
11961,8
11962,9
11963,1
11964,4
11965,8
11966,3
11967,2
11968,6
11969,0
11970,6
11971,8
11972,3
11973,8
11974,0
11975,8
11976,6
11977,0
11978,8
11979,8
11980,3
11981,2
11982,9
11983,3
11984,2
11985,0
11986,8
11987,5
11988,7
11989,0
11990,1
11991,1
11992,1
11993,9
11994,5
11995,1
11996,3
11997,3
11998,6
11999,0
12000,8
12001,3
12002,1
12003,3
12004,8
12005,8
12006,0
12007,7
12008,5
12009,6
12010,6
12011,7
12012,3
12013,3
12014,2
12015,4
12016,6
12017,5
12018,5
12019,4
12020,2
12021,0
12022,7
12023,1
12024,1
12025,7
12026,3
12027,8
12028,7
12029,2
12030,2
12031,9
12032,3
12033,9
12034,9
12035,0
12036,1
12037,7
12038,1
12039,4
12040,8
12041,1
12042,4
12043,9
12044,3
12045,4
12046,0
12047,0
12048,7
12049,6
12050,9
12051,9
12052,5
12053,7
12054,7
12055,0
12056,9
12057,3
12058,3
12059,6
12060,9
12061,8
12062,4
12063,2
12064,6
12065,3
12066,9
12067,2
12068,3
12069,6
12070,7
12071,3
12072,0
12073,3
12074,8
12075,1
12076,8
12077,7
12078,3
12079,4
12080,5
12081,2
12082,6
12083,9
12084,1
12085,9
12086,4
12087,9
12088,1
12089,0
12090,2
12091,8
12092,8
12093,7
12094,7
12095,7
12096,7
12097,6
12098,6
12099,0
12100,7
12101,5
12102,8
12103,5
12104,6
12105,0
12106,1
12107,4
12108,9
12109,2
12110,6
12111,1
12112,1
12113,9
12114,3
12115,1
12116,2
12117,2
12118,2
12119,3
12120,7
12121,5
12122,7
12123,4
12124,4
12125,4
12126,1
12127,2
12128,3
12129,5
12130,4
12131,2
12132,7
12133,1
12134,5
12135,9
12136,3
12137,6
12138,2
12139,4
12140,0
12141,1
12142,7
12143,7
12144,6
12145,6
12146,7
12147,7
12148,3
12149,0
12150,6
12151,3
12152,2
12153,7
12154,8
12155,7
12156,2
12157,8
12158,0
12159,8
12160,7
12161,4
12162,4
12163,2
12164,7
12165,0
12166,9
12167,9
12168,3
12169,1
12170,5
12171,9
12172,3
12173,1
12174,0
12175,3
12176,3
12177,5
12178,9
12179,7
12180,9
12181,8
12182,3
12183,5
12184,9
12185,3
12186,7
12187,9
12188,3
12189,4
12190,6
12191,3
12192,5
12193,7
12194,7
12195,2
12196,3
12197,5
12198,3
12199,1
12200,1
12201,9
12202,2
12203,3
12204,9
12205,5
12206,5
12207,7
12208,2
12209,4
12210,9
12211,0
12212,2
12213,1
12214,9
12215,7
12216,1
12217,5
12218,0
12219,5
12220,5
12221,0
12222,3
12223,5
12224,0
12225,3
12226,3
12227,7
12228,4
12229,2
12230,6
12231,8
12232,7
12233,9
12234,2
12235,1
12236,0
12237,5
12238,5
12239,8
12240,5
12241,3
12242,7
12243,4
12244,4
12245,3
12246,9
12247,6
12248,0
12249,0
12250,9
12251,1
12252,2
12253,3
12254,1
12255,5
12256,3
12257,8
12258,5
12259,1
12260,1
12261,2
12262,9
12263,4
12264,0
12265,5
12266,2
12267,8
12268,0
12269,2
12270,9
12271,8
12272,4
12273,4
12274,8
12275,3
12276,8
12277,0
12278,4
12279,0
12280,0
12281,6
12282,8
12283,5
12284,6
12285,9
12286,0
12287,9
12288,5
12289,8
12290,6
12291,9
12292,1
12293,2
12294,7
12295,2
12296,1
12297,6
12298,0
12299,6
12300,4
12301,5
12302,6
12303,4
12304,8
12305,5
12306,5
12307,2
12308,0
12309,3
12310,8
12311,3
12312,4
12313,1
12314,9
12315,6
12316,9
12317,7
12318,2
12319,0
12320,4
12321,8
12322,3
12323,4
12324,8
12325,5
12326,2
12327,8
12328,3
12329,3
12330,1
12331,2
12332,2
12333,0
12334,4
12335,9
12336,0
12337,4
12338,1
12339,9
12340,9
12341,8
12342,1
12343,8
12344,8
12345,3
12346,3
12347,3
12348,8
12349,5
12350,9
12351,2
12352,2
12353,8
12354,7
12355,6
12356,3
12357,0
12358,0
12359,0
12360,5
12361,7
12362,5
12363,0
12364,7
12365,9
12366,1
12367,2
12368,4
12369,8
12370,9
12371,3
12372,5
12373,2
12374,0
12375,4
12376,4
12377,7
12378,8
12379,9
12380,1
12381,8
12382,3
12383,5
12384,5
12385,3
12386,1
12387,1
12388,8
12389,8
12390,3
12391,0
12392,7
12393,0
12394,1
12395,8
12396,1
12397,0
12398,4
12399,9
12400,8
12401,9
12402,8
12403,8
12404,6
12405,9
12406,1
12407,8
12408,4
12409,2
12410,7
12411,7
12412,0
12413,5
12414,1
12415,1
12416,0
12417,6
12418,4
12419,3
12420,0
12421,4
12422,3
12423,5
12424,1
12425,4
12426,3
12427,3
12428,4
12429,4
12430,5
12431,0
12432,9
12433,8
12434,3
12435,3
12436,1
12437,0
12438,4
12439,1
12440,4
12441,4
12442,4
12443,8
12444,4
12445,9
12446,0
12447,9
12448,9
12449,5
12450,0
12451,6
12452,0
12453,5
12454,0
12455,3
12456,9
12457,7
12458,3
12459,6
12460,1
12461,9
12462,6
12463,1
12464,0
12465,4
12466,5
12467,4
12468,1
12469,4
12470,8
12471,5
12472,9
12473,4
12474,5
12475,3
12476,3
12477,8
12478,3
12479,6
12480,6
12481,8
12482,9
12483,0
12484,5
12485,0
12486,2
12487,2
12488,9
12489,3
12490,2
12491,2
12492,8
12493,5
12494,9
12495,2
12496,3
12497,1
12498,6
12499,3
12500,6
12501,2
12502,7
12503,2
12504,1
12505,2
12506,6
12507,4
12508,6
12509,2
12510,8
12511,5
12512,0
12513,8
12514,5
12515,2
12516,7
12517,8
12518,1
12519,5
12520,9
12521,8
12522,0
12523,9
12524,0
12525,9
12526,3
12527,9
12528,5
12529,9
12530,9
12531,6
12532,0
12533,7
12534,1
12535,5
12536,5
12537,9
12538,5
12539,4
12540,4
12541,2
12542,4
12543,5
12544,9
12545,7
12546,4
12547,2
12548,6
12549,9
12550,9
12551,4
12552,2
12553,1
12554,3
12555,7
12556,1
12557,8
12558,7
12559,9
12560,1
12561,8
12562,9
12563,3
12564,7
12565,7
12566,7
12567,1
12568,7
12569,4
12570,6
12571,6
12572,2
12573,4
12574,5
12575,2
12576,8
12577,9
12578,6
12579,8
12580,0
12581,0
12582,7
12583,7
12584,5
12585,0
12586,1
12587,9
12588,2
12589,0
12590,4
12591,9
12592,2
12593,2
12594,6
12595,7
12596,1
12597,0
12598,5
12599,8
12600,7
12601,2
12602,8
12603,2
12604,3
12605,6
12606,1
12607,7
12608,4
12609,8
12610,7
12611,4
12612,1
12613,7
12614,8
12615,2
12616,4
12617,4
12618,4
12619,6
12620,1
12621,8
12622,6
12623,7
12624,2
12625,9
12626,6
12627,5
12628,2
12629,3
12630,3
12631,8
12632,8
12633,2
12634,0
12635,7
12636,2
12637,4
12638,0
12639,4
12640,1
12641,6
12642,8
12643,1
12644,7
12645,7
12646,2
12647,6
12648,3
12649,1
12650,2
12651,7
12652,0
12653,6
12654,0
12655,6
12656,2
12657,7
12658,2
12659,8
12660,3
12661,2
12662,3
12663,0
12664,9
12665,7
12666,3
12667,5
12668,4
12669,9
12670,6
12671,4
12672,5
12673,0
12674,6
12675,8
12676,4
12677,0
12678,6
12679,4
12680,0
12681,6
12682,1
12683,6
12684,4
12685,2
12686,7
12687,1
12688,0
12689,6
12690,4
12691,1
12692,1
12693,5
12694,6
12695,3
12696,8
12697,3
12698,3
12699,1
12700,7
12701,4
12702,9
12703,8
12704,8
12705,4
12706,5
12707,5
12708,6
12709,7
12710,3
12711,9
12712,1
12713,0
12714,5
12715,3
12716,7
12717,6
12718,1
12719,1
12720,8
12721,0
12722,2
12723,0
12724,5
12725,9
12726,0
12727,3
12728,8
12729,1
12730,0
12731,4
12732,6
12733,4
12734,4
12735,8
12736,6
12737,4
12738,2
12739,1
12740,9
12741,1
12742,7
12743,9
12744,5
12745,7
12746,6
12747,1
12748,5
12749,8
12750,8
12751,2
12752,6
12753,4
12754,6
12755,3
12756,1
12757,6
12758,4
12759,0
12760,3
12761,9
12762,8
12763,4
12764,0
12765,8
12766,4
12767,3
12768,9
12769,7
12770,1
12771,1
12772,9
12773,5
12774,1
12775,9
12776,2
12777,4
12778,2
12779,3
12780,8
12781,6
12782,7
12783,1
12784,3
12785,0
12786,7
12787,3
12788,5
12789,8
12790,1
12791,4
12792,2
12793,3
12794,4
12795,8
12796,8
12797,8
12798,3
12799,8
12800,1
12801,8
12802,9
12803,3
12804,0
12805,6
12806,0
12807,2
12808,9
12809,7
12810,3
12811,7
12812,0
12813,1
12814,3
12815,5
12816,9
12817,8
12818,0
12819,5
12820,0
12821,5
12822,8
12823,7
12824,3
12825,6
12826,2
12827,8
12828,0
12829,0
12830,9
12831,3
12832,0
12833,5
12834,8
12835,1
12836,1
12837,2
12838,6
12839,0
12840,0
12841,8
12842,4
12843,6
12844,3
12845,3
12846,9
12847,5
12848,4
12849,3
12850,3
12851,1
12852,8
12853,1
12854,5
12855,2
12856,0
12857,0
12858,7
12859,9
12860,6
12861,2
12862,7
12863,1
12864,7
12865,4
12866,1
12867,6
12868,2
12869,4
12870,6
12871,7
12872,1
12873,4
12874,9
12875,3
12876,2
12877,5
12878,0
12879,8
12880,6
12881,2
12882,6
12883,7
12884,4
12885,2
12886,1
12887,1
12888,0
12889,3
12890,5
12891,5
12892,2
12893,6
12894,4
12895,1
12896,8
12897,8
12898,4
12899,4
12900,4
12901,4
12902,2
12903,7
12904,2
12905,1
12906,9
12907,6
12908,2
12909,6
12910,6
12911,4
12912,5
12913,4
12914,9
12915,8
12916,1
12917,6
12918,6
12919,4
12920,4
12921,9
12922,4
12923,3
12924,5
12925,1
12926,2
12927,6
12928,0
12929,1
12930,1
12931,0
12932,2
12933,6
12934,7
12935,9
12936,0
12937,1
12938,2
12939,4
12940,0
12941,7
12942,2
12943,1
12944,1
12945,7
12946,7
12947,8
12948,7
12949,6
12950,5
12951,3
12952,7
12953,2
12954,0
12955,9
12956,6
12957,1
12958,6
12959,2
12960,4
12961,5
12962,8
12963,5
12964,2
12965,9
12966,8
12967,4
12968,6
12969,9
12970,0
12971,8
12972,1
12973,3
12974,8
12975,2
12976,8
12977,2
12978,0
12979,6
12980,3
12981,8
12982,7
12983,8
12984,2
12985,2
12986,0
12987,6
12988,0
12989,4
12990,5
12991,3
12992,4
12993,1
12994,1
12995,9
12996,7
12997,0
12998,6
12999,6
13000,1
13001,4
13002,2
13003,7
13004,5
13005,1
13006,8
13007,0
13008,3
13009,7
13010,9
13011,8
13012,7
13013,2
13014,7
13015,9
13016,7
13017,2
13018,2
13019,2
13020,6
13021,3
13022,3
13023,9
13024,1
13025,1
13026,4
13027,8
13028,0
13029,9
13030,7
13031,5
13032,2
13033,8
13034,8
13035,3
13036,6
13037,3
13038,9
13039,8
13040,2
13041,6
13042,5
13043,9
13044,2
13045,6
13046,8
13047,3
13048,2
13049,8
13050,3
13051,0
13052,1
13053,1
13054,3
13055,0
13056,1
13057,8
13058,4
13059,1
13060,5
13061,8
13062,1
13063,5
13064,8
13065,0
13066,7
13067,8
13068,7
13069,5
13070,9
13071,9
13072,5
13073,3
13074,0
13075,7
13076,8
13077,4
13078,5
13079,1
13080,0
13081,6
13082,2
13083,4
13084,3
13085,7
13086,7
13087,9
13088,7
13089,2
13090,5
13091,8
13092,5
13093,8
13094,5
13095,3
13096,0
13097,9
13098,7
13099,2
13100,0
13101,0
13102,8
13103,4
13104,0
13105,7
13106,4
13107,7
13108,6
13109,8
13110,4
13111,7
13112,0
13113,0
13114,4
13115,0
13116,6
13117,7
13118,8
13119,1
13120,3
13121,8
13122,1
13123,7
13124,3
13125,6
13126,1
13127,1
13128,4
13129,6
13130,9
13131,8
13132,2
13133,8
13134,2
13135,7
13136,7
13137,1
13138,3
13139,0
13140,3
13141,0
13142,7
13143,8
13144,7
13145,6
13146,5
13147,2
13148,6
13149,7
13150,5
13151,5
13152,8
13153,9
13154,7
13155,3
13156,2
13157,4
13158,8
13159,3
13160,9
13161,5
13162,7
13163,6
13164,6
13165,2
13166,7
13167,3
13168,8
13169,5
13170,1
13171,8
13172,9
13173,2
13174,2
13175,1
13176,4
13177,2
13178,7
13179,4
13180,0
13181,8
13182,4
13183,8
13184,9
13185,7
13186,9
13187,8
13188,2
13189,8
13190,2
13191,6
13192,0
13193,6
13194,3
13195,4
13196,1
13197,5
13198,4
13199,7
13200,5
13201,0
13202,7
13203,6
13204,2
13205,1
13206,5
13207,1
13208,1
13209,2
13210,7
13211,3
13212,8
13213,8
13214,7
13215,5
13216,9
13217,9
13218,5
13219,5
13220,3
13221,0
13222,7
13223,1
13224,4
13225,6
13226,0
13227,9
13228,9
13229,4
13230,6
13231,8
13232,0
13233,5
13234,7
13235,8
13236,0
13237,2
13238,7
13239,6
13240,6
13241,4
13242,8
13243,1
13244,6
13245,4
13246,8
13247,0
13248,7
13249,5
13250,8
13251,7
13252,7
13253,5
13254,5
13255,0
13256,7
13257,4
13258,6
13259,2
13260,0
13261,3
13262,4
13263,2
13264,0
13265,3
13266,9
13267,4
13268,5
13269,4
13270,4
13271,1
13272,2
13273,5
13274,7
13275,0
13276,5
13277,0
13278,2
13279,5
13280,0
13281,3
13282,2
13283,0
13284,6
13285,7
13286,2
13287,7
13288,2
13289,3
13290,2
13291,7
13292,1
13293,2
13294,3
13295,4
13296,2
13297,4
13298,3
13299,9
13300,9
13301,2
13302,8
13303,0
13304,4
13305,0
13306,0
13307,1
13308,9
13309,3
13310,9
13311,6
13312,8
13313,2
13314,9
13315,4
13316,7
13317,9
13318,1
13319,5
13320,8
13321,1
13322,0
13323,0
13324,2
13325,4
13326,8
13327,0
13328,3
13329,3
13330,0
13331,0
13332,0
13333,3
13334,4
13335,1
13336,6
13337,8
13338,4
13339,7
13340,3
13341,0
13342,0
13343,5
13344,8
13345,8
13346,8
13347,6
13348,1
13349,0
13350,8
13351,9
13352,8
13353,5
13354,8
13355,7
13356,0
13357,7
13358,2
13359,7
13360,1
13361,5
13362,5
13363,8
13364,3
13365,6
13366,8
13367,5
13368,9
13369,9
13370,4
13371,0
13372,6
13373,7
13374,1
13375,8
13376,8
13377,8
13378,7
13379,2
13380,0
13381,9
13382,7
13383,9
13384,6
13385,9
13386,4
13387,1
13388,4
13389,7
13390,2
13391,5
13392,2
13393,6
13394,2
13395,9
13396,0
13397,7
13398,1
13399,9
13400,7
13401,2
13402,5
13403,3
13404,8
13405,4
13406,9
13407,3
13408,9
13409,5
13410,7
13411,5
13412,1
13413,3
13414,3
13415,6
13416,6
13417,7
13418,5
13419,3
13420,5
13421,5
13422,8
13423,7
13424,7
13425,4
13426,6
13427,5
13428,5
13429,0
13430,4
13431,8
13432,3
13433,0
13434,9
13435,2
13436,6
13437,2
13438,6
13439,7
13440,4
13441,0
13442,7
13443,1
13444,4
13445,8
13446,1
13447,4
13448,7
13449,8
13450,2
13451,8
13452,7
13453,2
13454,0
13455,2
13456,2
13457,3
13458,2
13459,3
13460,0
13461,5
13462,2
13463,3
13464,2
13465,8
13466,5
13467,0
13468,9
13469,4
13470,6
13471,4
13472,8
13473,3
13474,5
13475,1
13476,3
13477,9
13478,1
13479,4
13480,9
13481,0
13482,7
13483,4
13484,0
13485,0
13486,2
13487,5
13488,6
13489,3
13490,5
13491,6
13492,5
13493,1
13494,7
13495,9
13496,4
13497,6
13498,7
13499,4
13500,0
13501,2
13502,8
13503,1
13504,0
13505,9
13506,9
13507,7
13508,8
13509,4
13510,0
13511,9
13512,7
13513,7
13514,5
13515,8
13516,8
13517,7
13518,5
13519,3
13520,5
13521,5
13522,0
13523,8
13524,9
13525,7
13526,2
13527,1
13528,4
13529,7
13530,1
13531,3
13532,6
13533,3
13534,2
13535,4
13536,9
13537,4
13538,7
13539,7
13540,6
13541,5
13542,0
13543,8
13544,8
13545,6
13546,8
13547,5
13548,6
13549,0
13550,7
13551,3
13552,0
13553,0
13554,2
13555,5
13556,2
13557,0
13558,7
13559,7
13560,7
13561,1
13562,5
13563,2
13564,1
13565,8
13566,5
13567,2
13568,4
13569,8
13570,7
13571,7
13572,6
13573,7
13574,1
13575,0
13576,9
13577,5
13578,3
13579,9
13580,3
13581,5
13582,0
13583,7
13584,4
13585,6
13586,6
13587,1
13588,6
13589,5
13590,9
13591,3
13592,2
13593,8
13594,5
13595,7
13596,3
13597,1
13598,2
13599,0
13600,8
13601,1
13602,8
13603,5
13604,6
13605,9
13606,3
13607,3
13608,8
13609,2
13610,4
13611,2
13612,0
13613,3
13614,4
13615,4
13616,3
13617,4
13618,5
13619,9
13620,1
13621,1
13622,9
13623,4
13624,7
13625,0
13626,3
13627,1
13628,0
13629,0
13630,7
13631,7
13632,0
13633,7
13634,8
13635,0
13636,5
13637,6
13638,4
13639,4
13640,8
13641,9
13642,7
13643,4
13644,9
13645,5
13646,3
13647,9
13648,2
13649,4
13650,1
13651,9
13652,7
13653,8
13654,1
13655,3
13656,9
13657,3
13658,4
13659,7
13660,8
13661,6
13662,5
13663,4
13664,7
13665,9
13666,9
13667,7
13668,0
13669,2
13670,2
13671,4
13672,4
13673,2
13674,7
13675,5
13676,3
13677,9
13678,2
13679,8
13680,8
13681,0
13682,0
13683,4
13684,1
13685,9
13686,3
13687,3
13688,5
13689,1
13690,5
13691,5
13692,9
13693,2
13694,8
13695,5
13696,5
13697,9
13698,5
13699,4
13700,6
13701,7
13702,3
13703,5
13704,4
13705,2
13706,6
13707,9
13708,4
13709,8
13710,1
13711,9
13712,2
13713,6
13714,2
13715,4
13716,8
13717,8
13718,7
13719,7
13720,3
13721,9
13722,3
13723,9
13724,0
13725,8
13726,2
13727,6
13728,9
13729,0
13730,4
13731,2
13732,5
13733,7
13734,0
13735,4
13736,6
13737,4
13738,1
13739,3
13740,1
13741,8
13742,7
13743,8
13744,8
13745,7
13746,7
13747,6
13748,5
13749,7
13750,3
13751,6
13752,0
13753,4
13754,0
13755,3
13756,6
13757,8
13758,8
13759,8
13760,6
13761,2
13762,3
13763,2
13764,8
13765,8
13766,1
13767,4
13768,1
13769,1
13770,6
13771,3
13772,2
13773,2
13774,8
13775,0
13776,0
13777,4
13778,1
13779,3
13780,2
13781,7
13782,0
13783,6
13784,7
13785,9
13786,9
13787,2
13788,7
13789,6
13790,9
13791,9
13792,8
13793,4
13794,8
13795,3
13796,4
13797,0
13798,9
13799,6
13800,2
13801,4
13802,3
13803,8
13804,3
13805,0
13806,6
13807,9
13808,6
13809,2
13810,7
13811,3
13812,7
13813,8
13814,8
13815,2
13816,4
13817,8
13818,8
13819,0
13820,1
13821,5
13822,8
13823,9
13824,8
13825,7
13826,1
13827,0
13828,3
13829,3
13830,3
13831,0
13832,9
13833,3
13834,9
13835,9
13836,1
13837,5
13838,9
13839,4
13840,1
13841,7
13842,0
13843,1
13844,0
13845,5
13846,3
13847,8
13848,8
13849,4
13850,1
13851,7
13852,0
13853,5
13854,0
13855,4
13856,1
13857,7
13858,1
13859,7
13860,9
13861,4
13862,3
13863,9
13864,2
13865,2
13866,5
13867,3
13868,5
13869,8
13870,8
13871,2
13872,4
13873,7
13874,7
13875,4
13876,6
13877,0
13878,5
13879,5
13880,1
13881,6
13882,2
13883,5
13884,2
13885,8
13886,5
13887,6
13888,9
13889,1
13890,3
13891,1
13892,4
13893,5
13894,9
13895,0
13896,9
13897,0
13898,3
13899,5
13900,6
13901,1
13902,5
13903,8
13904,5
13905,6
13906,6
13907,9
13908,1
13909,9
13910,1
13911,7
13912,1
13913,8
13914,0
13915,3
13916,4
13917,0
13918,6
13919,0
13920,3
13921,3
13922,8
13923,8
13924,0
13925,3
13926,6
13927,8
13928,1
13929,1
13930,3
13931,3
13932,2
13933,2
13934,1
13935,8
13936,3
13937,2
13938,2
13939,2
13940,4
13941,2
13942,3
13943,9
13944,2
13945,3
13946,0
13947,4
13948,5
13949,7
13950,1
13951,6
13952,1
13953,8
13954,0
13955,3
13956,8
13957,5
13958,1
13959,6
13960,5
13961,4
13962,8
13963,1
13964,7
13965,1
13966,6
13967,4
13968,9
13969,4
13970,2
13971,1
13972,5
13973,3
13974,3
13975,5
13976,8
13977,7
13978,7
13979,7
13980,2
13981,7
13982,5
13983,4
13984,4
13985,2
13986,0
13987,4
13988,8
13989,9
13990,9
13991,5
13992,8
13993,0
13994,4
13995,4
13996,1
13997,3
13998,7
13999,5
14000,0
14001,0
14002,9
14003,8
14004,5
14005,3
14006,0
14007,7
14008,1
14009,9
14010,7
14011,8
14012,4
14013,0
14014,9
14015,9
14016,1
14017,2
14018,0
14019,6
14020,2
14021,4
14022,5
14023,1
14024,0
14025,4
14026,8
14027,3
14028,4
14029,8
14030,3
14031,4
14032,0
14033,0
14034,3
14035,6
14036,7
14037,2
14038,4
14039,1
14040,7
14041,3
14042,0
14043,7
14044,9
14045,9
14046,1
14047,5
14048,5
14049,9
14050,1
14051,4
14052,6
14053,1
14054,2
14055,8
14056,3
14057,5
14058,7
14059,8
14060,0
14061,6
14062,2
14063,7
14064,2
14065,7
14066,5
14067,6
14068,8
14069,7
14070,8
14071,2
14072,4
14073,9
14074,2
14075,5
14076,5
14077,9
14078,9
14079,4
14080,4
14081,2
14082,0
14083,6
14084,0
14085,8
14086,7
14087,6
14088,6
14089,7
14090,5
14091,2
14092,7
14093,0
14094,3
14095,2
14096,4
14097,8
14098,4
14099,0
14100,2
14101,9
14102,0
14103,5
14104,2
14105,6
14106,4
14107,8
14108,6
14109,0
14110,2
14111,0
14112,2
14113,5
14114,5
14115,8
14116,0
14117,7
14118,0
14119,8
14120,9
14121,0
14122,2
14123,1
14124,2
14125,5
14126,1
14127,0
14128,2
14129,9
14130,6
14131,4
14132,9
14133,9
14134,1
14135,4
14136,3
14137,1
14138,2
14139,8
14140,0
14141,3
14142,0
14143,2
14144,2
14145,0
14146,2
14147,3
14148,6
14149,5
14150,2
14151,3
14152,0
14153,6
14154,8
14155,5
14156,4
14157,0
14158,1
14159,0
14160,2
14161,2
14162,6
14163,7
14164,9
14165,6
14166,4
14167,4
14168,3
14169,6
14170,8
14171,5
14172,4
14173,6
14174,0
14175,3
14176,3
14177,5
14178,2
14179,5
14180,1
14181,5
14182,5
14183,1
14184,7
14185,5
14186,2
14187,1
14188,8
14189,8
14190,0
14191,9
14192,6
14193,0
14194,0
14195,3
14196,6
14197,1
14198,8
14199,3
14200,4
14201,2
14202,1
14203,2
14204,0
14205,3
14206,0
14207,8
14208,5
14209,1
14210,5
14211,0
14212,2
14213,0
14214,3
14215,9
14216,8
14217,2
14218,8
14219,1
14220,0
14221,2
14222,6
14223,2
14224,3
14225,3
14226,7
14227,5
14228,0
14229,6
14230,2
14231,0
14232,8
14233,2
14234,2
14235,1
14236,8
14237,6
14238,8
14239,2
14240,9
14241,2
14242,6
14243,8
14244,5
14245,4
14246,7
14247,3
14248,2
14249,2
14250,6
14251,2
14252,6
14253,8
14254,5
14255,2
14256,1
14257,5
14258,2
14259,8
14260,2
14261,9
14262,3
14263,6
14264,3
14265,6
14266,4
14267,2
14268,7
14269,7
14270,9
14271,0
14272,4
14273,9
14274,8
14275,0
14276,5
14277,8
14278,7
14279,7
14280,0
14281,7
14282,7
14283,0
14284,7
14285,7
14286,2
14287,9
14288,7
14289,4
14290,2
14291,2
14292,3
14293,8
14294,0
14295,1
14296,9
14297,8
14298,0
14299,2
14300,2
14301,8
14302,3
14303,8
14304,0
14305,7
14306,6
14307,3
14308,3
14309,8
14310,1
14311,3
14312,8
14313,7
14314,3
14315,0
14316,3
14317,4
14318,8
14319,8
14320,9
14321,1
14322,3
14323,2
14324,1
14325,4
14326,8
14327,0
14328,4
14329,6
14330,7
14331,3
14332,9
14333,2
14334,9
14335,0
14336,4
14337,6
14338,5
14339,7
14340,0
14341,8
14342,1
14343,7
14344,5
14345,4
14346,9
14347,5
14348,7
14349,3
14350,2
14351,0
14352,9
14353,8
14354,7
14355,3
14356,7
14357,7
14358,4
14359,7
14360,5
14361,8
14362,5
14363,6
14364,4
14365,4
14366,2
14367,3
14368,8
14369,9
14370,7
14371,1
14372,3
14373,4
14374,2
14375,9
14376,7
14377,1
14378,2
14379,2
14380,6
14381,0
14382,5
14383,5
14384,4
14385,5
14386,2
14387,8
14388,9
14389,4
14390,9
14391,9
14392,1
14393,4
14394,8
14395,1
14396,5
14397,5
14398,5
14399,6
14400,8
14401,1
14402,5
14403,5
14404,7
14405,7
14406,9
14407,8
14408,3
14409,1
14410,1
14411,2
14412,6
14413,6
14414,9
14415,3
14416,6
14417,6
14418,4
14419,8
14420,6
14421,5
14422,6
14423,9
14424,0
14425,2
14426,8
14427,4
14428,8
14429,6
14430,3
14431,6
14432,1
14433,4
14434,3
14435,3
14436,8
14437,4
14438,9
14439,9
14440,0
14441,7
14442,9
14443,5
14444,3
14445,1
14446,7
14447,2
14448,8
14449,4
14450,9
14451,6
14452,1
14453,6
14454,0
14455,5
14456,8
14457,1
14458,9
14459,3
14460,6
14461,8
14462,1
14463,8
14464,4
14465,2
14466,5
14467,6
14468,9
14469,6
14470,1
14471,4
14472,0
14473,7
14474,9
14475,0
14476,1
14477,3
14478,9
14479,5
14480,1
14481,2
14482,1
14483,1
14484,4
14485,8
14486,3
14487,9
14488,5
14489,4
14490,4
14491,3
14492,7
14493,7
14494,7
14495,2
14496,3
14497,9
14498,1
14499,9
14500,4
14501,4
14502,0
14503,7
14504,6
14505,6
14506,7
14507,9
14508,6
14509,6
14510,4
14511,9
14512,0
14513,4
14514,0
14515,2
14516,7
14517,9
14518,6
14519,1
14520,1
14521,2
14522,0
14523,8
14524,8
14525,7
14526,4
14527,2
14528,7
14529,5
14530,7
14531,6
14532,1
14533,8
14534,1
14535,4
14536,9
14537,8
14538,9
14539,6
14540,1
14541,0
14542,6
14543,0
14544,3
14545,0
14546,6
14547,4
14548,1
14549,9
14550,7
14551,1
14552,2
14553,2
14554,5
14555,3
14556,4
14557,1
14558,7
14559,4
14560,7
14561,0
14562,2
14563,8
14564,8
14565,1
14566,4
14567,9
14568,9
14569,3
14570,3
14571,4
14572,9
14573,3
14574,9
14575,8
14576,5
14577,3
14578,8
14579,4
14580,7
14581,1
14582,4
14583,1
14584,9
14585,6
14586,8
14587,3
14588,2
14589,4
14590,8
14591,1
14592,1
14593,5
14594,8
14595,2
14596,1
14597,6
14598,2
14599,9
14600,0
14601,9
14602,5
14603,3
14604,5
14605,0
14606,6
14607,5
14608,6
14609,8
14610,3
14611,8
14612,0
14613,2
14614,9
14615,9
14616,1
14617,5
14618,3
14619,2
14620,6
14621,5
14622,3
14623,0
14624,3
14625,0
14626,7
14627,4
14628,0
14629,2
14630,1
14631,9
14632,5
14633,1
14634,7
14635,5
14636,5
14637,5
14638,9
14639,6
14640,8
14641,4
14642,6
14643,6
14644,4
14645,6
14646,4
14647,1
14648,1
14649,4
14650,2
14651,8
14652,4
14653,9
14654,0
14655,5
14656,8
14657,1
14658,3
14659,8
14660,3
14661,2
14662,3
14663,8
14664,3
14665,0
14666,9
14667,3
14668,6
14669,9
14670,7
14671,2
14672,2
14673,2
14674,2
14675,8
14676,9
14677,6
14678,1
14679,4
14680,7
14681,7
14682,9
14683,7
14684,3
14685,2
14686,9
14687,6
14688,7
14689,3
14690,0
14691,2
14692,6
14693,9
14694,2
14695,3
14696,3
14697,1
14698,9
14699,5
14700,8
14701,2
14702,3
14703,5
14704,0
14705,6
14706,4
14707,5
14708,8
14709,3
14710,5
14711,2
14712,7
14713,7
14714,6
14715,0
14716,9
14717,7
14718,1
14719,4
14720,4
14721,5
14722,3
14723,0
14724,6
14725,1
14726,4
14727,0
14728,5
14729,4
14730,8
14731,5
14732,7
14733,3
14734,0
14735,8
14736,3
14737,5
14738,4
14739,4
14740,9
14741,8
14742,5
14743,7
14744,8
14745,1
14746,9
14747,5
14748,0
14749,1
14750,5
14751,4
14752,3
14753,3
14754,3
14755,4
14756,2
14757,3
14758,3
14759,7
14760,8
14761,0
14762,9
14763,6
14764,4
14765,0
14766,4
14767,4
14768,7
14769,3
14770,5
14771,7
14772,3
14773,7
14774,8
14775,6
14776,6
14777,6
14778,2
14779,3
14780,1
14781,0
14782,5
14783,5
14784,2
14785,6
14786,4
14787,1
14788,1
14789,4
14790,7
14791,2
14792,3
14793,5
14794,5
14795,6
14796,4
14797,4
14798,4
14799,8
14800,9
14801,9
14802,2
14803,0
14804,9
14805,8
14806,3
14807,5
14808,3
14809,1
14810,4
14811,5
14812,0
14813,1
14814,8
14815,5
14816,8
14817,6
14818,0
14819,7
14820,8
14821,9
14822,2
14823,4
14824,6
14825,3
14826,2
14827,2
14828,6
14829,7
14830,9
14831,1
14832,9
14833,7
14834,6
14835,5
14836,6
14837,3
14838,2
14839,4
14840,5
14841,6
14842,6
14843,5
14844,8
14845,0
14846,2
14847,2
14848,9
14849,4
14850,7
14851,8
14852,3
14853,0
14854,2
14855,7
14856,7
14857,5
14858,9
14859,5
14860,7
14861,3
14862,8
14863,7
14864,5
14865,9
14866,9
14867,8
14868,2
14869,1
14870,0
14871,8
14872,0
14873,2
14874,6
14875,7
14876,9
14877,2
14878,2
14879,5
14880,2
14881,3
14882,2
14883,1
14884,1
14885,9
14886,0
14887,5
14888,5
14889,4
14890,9
14891,8
14892,9
14893,6
14894,5
14895,4
14896,0
14897,0
14898,5
14899,7
14900,8
14901,4
14902,8
14903,8
14904,7
14905,4
14906,9
14907,3
14908,9
14909,6
14910,9
14911,7
14912,3
14913,9
14914,9
14915,3
14916,6
14917,0
14918,2
14919,8
14920,9
14921,9
14922,6
14923,0
14924,6
14925,4
14926,1
14927,0
14928,3
14929,8
14930,6
14931,8
14932,4
14933,4
14934,6
14935,3
14936,5
14937,7
14938,7
14939,8
14940,5
14941,6
14942,3
14943,2
14944,1
14945,8
14946,3
14947,8
14948,5
14949,4
14950,2
14951,3
14952,0
14953,8
14954,3
14955,3
14956,4
14957,9
14958,0
14959,9
14960,7
14961,0
14962,1
14963,8
14964,3
14965,0
14966,3
14967,8
14968,6
14969,8
14970,5
14971,1
14972,3
14973,0
14974,1
14975,9
14976,3
14977,5
14978,0
14979,6
14980,2
14981,3
14982,1
14983,5
14984,3
14985,2
14986,8
14987,5
14988,7
14989,8
14990,0
14991,1
14992,1
14993,0
14994,6
14995,6
14996,5
14997,9
14998,0
14999,7
15000,2
15001,3
15002,8
15003,4
15004,2
15005,3
15006,3
15007,9
15008,4
15009,9
15010,0
15011,8
15012,3
15013,5
15014,0
15015,2
15016,0
15017,1
15018,3
15019,9
15020,4
15021,2
15022,5
15023,0
15024,5
15025,3
15026,2
15027,5
15028,0
15029,0
15030,6
15031,0
15032,6
15033,9
15034,1
15035,3
15036,3
15037,3
15038,5
15039,5
15040,2
15041,6
15042,1
15043,4
15044,9
15045,7
15046,4
15047,4
15048,7
15049,5
15050,7
15051,1
15052,4
15053,8
15054,7
15055,9
15056,7
15057,7
15058,0
15059,2
15060,9
15061,4
15062,5
15063,6
15064,7
15065,8
15066,2
15067,5
15068,2
15069,7
15070,3
15071,3
15072,2
15073,5
15074,9
15075,2
15076,5
15077,7
15078,7
15079,3
15080,0
15081,3
15082,9
15083,4
15084,5
15085,3
15086,0
15087,7
15088,6
15089,9
15090,5
15091,1
15092,3
15093,6
15094,9
15095,3
15096,4
15097,4
15098,5
15099,3
15100,4
15101,9
15102,9
15103,1
15104,2
15105,2
15106,2
15107,4
15108,6
15109,8
15110,7
15111,9
15112,9
15113,4
15114,8
15115,8
15116,9
15117,0
15118,7
15119,0
15120,4
15121,3
15122,8
15123,8
15124,4
15125,2
15126,0
15127,1
15128,4
15129,0
15130,2
15131,1
15132,5
15133,4
15134,6
15135,6
15136,0
15137,3
15138,4
15139,5
15140,6
15141,8
15142,7
15143,6
15144,6
15145,3
15146,1
15147,8
15148,8
15149,8
15150,9
15151,9
15152,5
15153,5
15154,8
15155,6
15156,5
15157,4
15158,4
15159,2
15160,5
15161,2
15162,9
15163,2
15164,9
15165,1
15166,0
15167,4
15168,4
15169,6
15170,9
15171,8
15172,3
15173,2
15174,9
15175,1
15176,9
15177,4
15178,5
15179,3
15180,5
15181,4
15182,3
15183,4
15184,2
15185,1
15186,0
15187,2
15188,4
15189,3
15190,7
15191,8
15192,4
15193,5
15194,5
15195,9
15196,0
15197,4
15198,3
15199,4
15200,5
15201,5
15202,5
15203,7
15204,6
15205,1
15206,3
15207,3
15208,7
15209,0
15210,5
15211,7
15212,6
15213,8
15214,3
15215,5
15216,5
15217,8
15218,1
15219,9
15220,4
15221,2
15222,4
15223,2
15224,1
15225,6
15226,0
15227,1
15228,2
15229,5
15230,0
15231,8
15232,1
15233,1
15234,7
15235,5
15236,2
15237,5
15238,9
15239,0
15240,8
15241,3
15242,4
15243,4
15244,2
15245,7
15246,0
15247,7
15248,3
15249,3
15250,2
15251,3
15252,7
15253,1
15254,6
15255,2
15256,3
15257,3
15258,0
15259,0
15260,6
15261,4
15262,8
15263,7
15264,0
15265,3
15266,6
15267,4
15268,7
15269,3
15270,3
15271,6
15272,6
15273,2
15274,4
15275,4
15276,1
15277,8
15278,1
15279,9
15280,1
15281,2
15282,6
15283,4
15284,2
15285,5
15286,3
15287,3
15288,5
15289,3
15290,5
15291,8
15292,3
15293,9
15294,7
15295,3
15296,0
15297,6
15298,1
15299,0
15300,1
15301,0
15302,7
15303,7
15304,4
15305,8
15306,9
15307,6
15308,1
15309,5
15310,4
15311,9
15312,4
15313,7
15314,9
15315,9
15316,9
15317,0
15318,1
15319,0
15320,9
15321,9
15322,5
15323,1
15324,7
15325,2
15326,9
15327,3
15328,5
15329,6
15330,8
15331,1
15332,7
15333,3
15334,3
15335,8
15336,2
15337,7
15338,8
15339,8
15340,9
15341,8
15342,8
15343,4
15344,5
15345,8
15346,4
15347,5
15348,9
15349,0
15350,0
15351,5
15352,3
15353,7
15354,7
15355,4
15356,4
15357,7
15358,4
15359,5
15360,8
15361,3
15362,7
15363,2
15364,7
15365,3
15366,8
15367,8
15368,8
15369,7
15370,8
15371,6
15372,0
15373,5
15374,7
15375,9
15376,8
15377,5
15378,6
15379,0
15380,6
15381,6
15382,4
15383,2
15384,8
15385,9
15386,9
15387,1
15388,9
15389,5
15390,8
15391,4
15392,4
15393,8
15394,4
15395,8
15396,7
15397,2
15398,8
15399,3
15400,0
15401,7
15402,8
15403,8
15404,4
15405,9
15406,9
15407,5
15408,9
15409,2
15410,6
15411,9
15412,7
15413,5
15414,7
15415,4
15416,9
15417,9
15418,2
15419,3
15420,9
15421,5
15422,3
15423,5
15424,4
15425,1
15426,2
15427,9
15428,1
15429,4
15430,8
15431,5
15432,1
15433,7
15434,9
15435,0
15436,3
15437,3
15438,6
15439,9
15440,0
15441,4
15442,0
15443,0
15444,0
15445,2
15446,9
15447,7
15448,1
15449,9
15450,8
15451,5
15452,6
15453,8
15454,5
15455,9
15456,5
15457,2
15458,4
15459,2
15460,5
15461,2
15462,2
15463,5
15464,4
15465,2
15466,7
15467,1
15468,6
15469,6
15470,4
15471,4
15472,5
15473,6
15474,4
15475,6
15476,9
15477,5
15478,5
15479,1
15480,5
15481,2
15482,4
15483,4
15484,4
15485,4
15486,1
15487,9
15488,3
15489,7
15490,2
15491,7
15492,4
15493,2
15494,9
15495,7
15496,4
15497,4
15498,6
15499,1
15500,7
15501,1
15502,4
15503,7
15504,6
15505,1
15506,7
15507,3
15508,0
15509,3
15510,8
15511,2
15512,5
15513,0
15514,4
15515,1
15516,7
15517,9
15518,0
15519,2
15520,9
15521,2
15522,0
15523,7
15524,1
15525,7
15526,5
15527,2
15528,9
15529,8
15530,2
15531,4
15532,0
15533,3
15534,3
15535,2
15536,2
15537,8
15538,1
15539,0
15540,8
15541,1
15542,8
15543,1
15544,0
15545,1
15546,6
15547,7
15548,3
15549,7
15550,7
15551,3
15552,3
15553,9
15554,9
15555,0
15556,2
15557,2
15558,5
15559,8
15560,9
15561,5
15562,3
15563,5
15564,4
15565,1
15566,3
15567,9
15568,2
15569,3
15570,2
15571,6
15572,1
15573,8
15574,1
15575,3
15576,4
15577,0
15578,6
15579,1
15580,7
15581,0
15582,5
15583,3
15584,5
15585,3
15586,6
15587,4
15588,1
15589,6
15590,0
15591,7
15592,4
15593,6
15594,2
15595,3
15596,6
15597,4
15598,5
15599,2
15600,9
15601,6
15602,8
15603,0
15604,4
15605,4
15606,0
15607,1
15608,7
15609,5
15610,3
15611,3
15612,3
15613,2
15614,0
15615,3
15616,5
15617,2
15618,6
15619,2
15620,5
15621,1
15622,4
15623,6
15624,2
15625,1
15626,9
15627,3
15628,4
15629,6
15630,9
15631,5
15632,8
15633,0
15634,6
15635,3
15636,6
15637,0
15638,8
15639,1
15640,2
15641,3
15642,3
15643,1
15644,5
15645,5
15646,3
15647,2
15648,2
15649,7
15650,1
15651,3
15652,2
15653,3
15654,6
15655,3
15656,2
15657,2
15658,8
15659,0
15660,8
15661,4
15662,7
15663,0
15664,3
15665,1
15666,3
15667,8
15668,3
15669,4
15670,1
15671,2
15672,6
15673,3
15674,6
15675,7
15676,7
15677,8
15678,3
15679,6
15680,9
15681,5
15682,6
15683,6
15684,9
15685,5
15686,4
15687,3
15688,8
15689,5
15690,3
15691,8
15692,3
15693,7
15694,9
15695,0
15696,2
15697,5
15698,1
15699,0
15700,5
15701,6
15702,3
15703,9
15704,7
15705,9
15706,6
15707,6
15708,7
15709,1
15710,0
15711,0
15712,8
15713,0
15714,2
15715,2
15716,7
15717,8
15718,2
15719,2
15720,4
15721,6
15722,9
15723,7
15724,3
15725,2
15726,5
15727,4
15728,5
15729,1
15730,9
15731,5
15732,0
15733,5
15734,2
15735,4
15736,1
15737,7
15738,9
15739,0
15740,3
15741,3
15742,4
15743,9
15744,1
15745,6
15746,1
15747,9
15748,5
15749,2
15750,8
15751,2
15752,2
15753,1
15754,4
15755,0
15756,6
15757,7
15758,9
15759,0
15760,4
15761,1
15762,4
15763,3
15764,6
15765,9
15766,8
15767,1
15768,3
15769,7
15770,3
15771,9
15772,9
15773,5
15774,4
15775,2
15776,3
15777,8
15778,8
15779,8
15780,5
15781,5
15782,1
15783,8
15784,8
15785,5
15786,7
15787,9
15788,9
15789,3
15790,4
15791,4
15792,2
15793,7
15794,9
15795,4
15796,0
15797,7
15798,5
15799,4
15800,7
15801,6
15802,1
15803,4
15804,2
15805,2
15806,0
15807,9
15808,0
15809,0
15810,5
15811,1
15812,1
15813,7
15814,8
15815,3
15816,2
15817,6
15818,2
15819,0
15820,2
15821,4
15822,9
15823,5
15824,2
15825,4
15826,4
15827,4
15828,6
15829,1
15830,5
15831,2
15832,7
15833,8
15834,6
15835,7
15836,7
15837,0
15838,8
15839,4
15840,3
15841,6
15842,9
15843,1
15844,2
15845,1
15846,7
15847,4
15848,3
15849,4
15850,9
15851,9
15852,2
15853,2
15854,4
15855,3
15856,0
15857,5
15858,7
15859,5
15860,2
15861,7
15862,8
15863,9
15864,9
15865,2
15866,7
15867,8
15868,7
15869,7
15870,5
15871,8
15872,7
15873,6
15874,6
15875,9
15876,0
15877,1
15878,8
15879,7
15880,5
15881,4
15882,5
15883,3
15884,7
15885,6
15886,6
15887,5
15888,5
15889,6
15890,9
15891,9
15892,1
15893,9
15894,5
15895,9
15896,4
15897,4
15898,1
15899,7
15900,8
15901,3
15902,5
15903,1
15904,8
15905,6
15906,5
15907,0
15908,2
15909,3
15910,7
15911,1
15912,1
15913,1
15914,8
15915,7
15916,5
15917,6
15918,3
15919,4
15920,7
15921,0
15922,0
15923,5
15924,3
15925,4
15926,8
15927,6
15928,5
15929,2
15930,7
15931,3
15932,2
15933,3
15934,4
15935,7
15936,8
15937,0
15938,7
15939,0
15940,9
15941,5
15942,8
15943,0
15944,7
15945,3
15946,5
15947,0
15948,9
15949,7
15950,3
15951,0
15952,6
15953,5
15954,7
15955,8
15956,2
15957,3
15958,1
15959,9
15960,0
15961,2
15962,9
15963,1
15964,3
15965,4
15966,2
15967,3
15968,0
15969,6
15970,2
15971,4
15972,8
15973,6
15974,6
15975,9
15976,5
15977,6
15978,1
15979,8
15980,2
15981,2
15982,1
15983,4
15984,2
15985,9
15986,4
15987,3
15988,7
15989,9
15990,2
15991,3
15992,5
15993,4
15994,5
15995,9
15996,8
15997,5
15998,3
15999,0
16000,1
16001,2
16002,6
16003,4
16004,1
16005,9
16006,4
16007,4
16008,0
16009,5
16010,5
16011,4
16012,3
16013,2
16014,0
16015,1
16016,4
16017,9
16018,9
16019,7
16020,6
16021,1
16022,2
16023,6
16024,0
16025,2
16026,6
16027,2
16028,5
16029,9
16030,4
16031,8
16032,2
16033,6
16034,1
16035,5
16036,9
16037,4
16038,1
16039,8
16040,9
16041,3
16042,1
16043,7
16044,1
16045,1
16046,1
16047,9
16048,1
16049,3
16050,8
16051,9
16052,9
16053,1
16054,9
16055,6
16056,0
16057,5
16058,8
16059,5
16060,5
16061,9
16062,3
16063,8
16064,9
16065,8
16066,7
16067,8
16068,2
16069,9
16070,2
16071,0
16072,1
16073,5
16074,0
16075,7
16076,8
16077,6
16078,0
16079,7
16080,1
16081,1
16082,8
16083,2
16084,8
16085,9
16086,2
16087,0
16088,7
16089,2
16090,0
16091,0
16092,5
16093,1
16094,0
16095,8
16096,2
16097,3
16098,7
16099,2
16100,1
16101,9
16102,7
16103,2
16104,1
16105,3
16106,9
16107,2
16108,4
16109,0
16110,3
16111,7
16112,5
16113,1
16114,1
16115,9
16116,5
16117,1
16118,5
16119,4
16120,6
16121,6
16122,1
16123,5
16124,2
16125,1
16126,6
16127,2
16128,5
16129,7
16130,9
16131,4
16132,3
16133,4
16134,1
16135,7
16136,9
16137,0
16138,5
16139,7
16140,3
16141,3
16142,8
16143,4
16144,1
16145,8
16146,2
16147,5
16148,6
16149,4
16150,8
16151,9
16152,2
16153,9
16154,3
16155,2
16156,6
16157,1
16158,1
16159,0
16160,6
16161,1
16162,4
16163,7
16164,8
16165,5
16166,9
16167,1
16168,5
16169,0
16170,9
16171,3
16172,2
16173,1
16174,7
16175,2
16176,9
16177,8
16178,8
16179,9
16180,8
16181,5
16182,3
16183,8
16184,2
16185,0
16186,3
16187,6
16188,1
16189,1
16190,9
16191,8
16192,9
16193,7
16194,5
16195,3
16196,2
16197,9
16198,5
16199,5
16200,4
16201,6
16202,9
16203,9
16204,3
16205,0
16206,6
16207,4
16208,1
16209,7
16210,4
16211,9
16212,2
16213,8
16214,5
16215,8
16216,6
16217,0
16218,1
16219,3
16220,2
16221,2
16222,3
16223,6
16224,6
16225,0
16226,2
16227,8
16228,3
16229,2
16230,8
16231,0
16232,1
16233,8
16234,4
16235,5
16236,2
16237,2
16238,3
16239,9
16240,6
16241,2
16242,0
16243,2
16244,5
16245,2
16246,2
16247,7
16248,6
16249,7
16250,3
16251,3
16252,6
16253,9
16254,4
16255,8
16256,5
16257,6
16258,0
16259,3
16260,6
16261,7
16262,2
16263,5
16264,3
16265,1
16266,1
16267,9
16268,7
16269,5
16270,4
16271,2
16272,1
16273,6
16274,4
16275,5
16276,9
16277,2
16278,5
16279,5
16280,3
16281,3
16282,0
16283,9
16284,2
16285,2
16286,2
16287,3
16288,2
16289,4
16290,9
16291,2
16292,3
16293,6
16294,1
16295,2
16296,0
16297,4
16298,1
16299,3
16300,7
16301,2
16302,4
16303,2
16304,2
16305,3
16306,2
16307,3
16308,0
16309,8
16310,3
16311,5
16312,1
16313,2
16314,8
16315,8
16316,2
16317,1
16318,2
16319,1
16320,1
16321,9
16322,6
16323,5
16324,9
16325,6
16326,8
16327,0
16328,3
16329,6
16330,3
16331,8
16332,3
16333,7
16334,5
16335,2
16336,1
16337,1
16338,2
16339,0
16340,5
16341,5
16342,0
16343,1
16344,6
16345,5
16346,2
16347,8
16348,9
16349,7
16350,9
16351,1
16352,1
16353,3
16354,3
16355,5
16356,6
16357,7
16358,5
16359,9
16360,4
16361,9
16362,3
16363,2
16364,6
16365,2
16366,8
16367,5
16368,6
16369,5
16370,9
16371,8
16372,3
16373,8
16374,1
16375,3
16376,1
16377,3
16378,5
16379,6
16380,5
16381,4
16382,4
16383,9
16384,2
16385,7
16386,1
16387,6
16388,8
16389,3
16390,7
16391,7
16392,6
16393,7
16394,9
16395,6
16396,7
16397,7
16398,0
16399,1
16400,4
16401,1
16402,4
16403,8
16404,4
16405,4
16406,7
16407,4
16408,7
16409,1
16410,8
16411,7
16412,5
16413,1
16414,3
16415,1
16416,0
16417,3
16418,4
16419,5
16420,4
16421,8
16422,6
16423,3
16424,4
16425,9
16426,3
16427,1
16428,5
16429,3
16430,0
16431,7
16432,6
16433,6
16434,4
16435,5
16436,1
16437,6
16438,6
16439,2
16440,8
16441,8
16442,9
16443,8
16444,0
16445,7
16446,2
16447,4
16448,2
16449,5
16450,1
16451,9
16452,0
16453,3
16454,8
16455,7
16456,1
16457,8
16458,1
16459,2
16460,0
16461,9
16462,2
16463,4
16464,3
16465,4
16466,6
16467,1
16468,3
16469,5
16470,2
16471,9
16472,5
16473,5
16474,2
16475,7
16476,5
16477,5
16478,4
16479,4
16480,8
16481,0
16482,7
16483,0
16484,8
16485,4
16486,2
16487,1
16488,9
16489,7
16490,7
16491,3
16492,8
16493,0
16494,3
16495,0
16496,9
16497,8
16498,5
16499,6
16500,6
16501,8
16502,1
16503,5
16504,5
16505,5
16506,0
16507,1
16508,6
16509,1
16510,3
16511,2
16512,6
16513,4
16514,4
16515,1
16516,7
16517,6
16518,2
16519,2
16520,6
16521,1
16522,8
16523,2
16524,2
16525,6
16526,3
16527,0
16528,8
16529,8
16530,4
16531,6
16532,2
16533,0
16534,7
16535,0
16536,8
16537,9
16538,1
16539,4
16540,6
16541,7
16542,6
16543,8
16544,1
16545,8
16546,2
16547,4
16548,6
16549,7
16550,5
16551,7
16552,9
16553,9
16554,3
16555,9
16556,4
16557,4
16558,0
16559,4
16560,1
16561,4
16562,8
16563,4
16564,6
16565,8
16566,6
16567,2
16568,2
16569,9
16570,1
16571,8
16572,0
16573,6
16574,2
16575,2
16576,0
16577,3
16578,6
16579,6
16580,1
16581,3
16582,6
16583,3
16584,4
16585,1
16586,7
16587,8
16588,1
16589,0
16590,7
16591,6
16592,5
16593,6
16594,8
16595,2
16596,0
16597,5
16598,8
16599,7
16600,8
16601,4
16602,5
16603,9
16604,5
16605,5
16606,1
16607,2
16608,4
16609,7
16610,2
16611,9
16612,7
16613,8
16614,6
16615,7
16616,4
16617,6
16618,3
16619,8
16620,8
16621,4
16622,5
16623,1
16624,8
16625,8
16626,6
16627,2
16628,2
16629,7
16630,8
16631,9
16632,0
16633,2
16634,7
16635,9
16636,3
16637,5
16638,9
16639,8
16640,4
16641,3
16642,9
16643,5
16644,9
16645,3
16646,0
16647,8
16648,6
16649,3
16650,6
16651,3
16652,5
16653,8
16654,0
16655,0
16656,1
16657,8
16658,2
16659,9
16660,0
16661,0
16662,7
16663,6
16664,6
16665,6
16666,7
16667,4
16668,8
16669,8
16670,2
16671,0
16672,3
16673,6
16674,7
16675,1
16676,8
16677,7
16678,4
16679,4
16680,7
16681,1
16682,6
16683,5
16684,2
16685,3
16686,7
16687,9
16688,6
16689,6
16690,8
16691,2
16692,1
16693,1
16694,8
16695,8
16696,3
16697,5
16698,7
16699,5
16700,6
16701,9
16702,4
16703,3
16704,9
16705,3
16706,8
16707,9
16708,0
16709,4
16710,0
16711,4
16712,5
16713,7
16714,0
16715,4
16716,3
16717,9
16718,5
16719,7
16720,2
16721,2
16722,5
16723,8
16724,3
16725,1
16726,3
16727,5
16728,2
16729,9
16730,4
16731,3
16732,9
16733,7
16734,2
16735,0
16736,8
16737,0
16738,9
16739,1
16740,9
16741,9
16742,6
16743,7
16744,1
16745,4
16746,5
16747,0
16748,3
16749,8
16750,7
16751,2
16752,5
16753,5
16754,9
16755,3
16756,2
16757,0
16758,0
16759,9
16760,0
16761,5
16762,6
16763,1
16764,3
16765,7
16766,9
16767,1
16768,5
16769,9
16770,0
16771,0
16772,9
16773,7
16774,2
16775,9
16776,2
16777,1
16778,2
16779,7
16780,5
16781,1
16782,0
16783,7
16784,3
16785,4
16786,7
16787,6
16788,4
16789,6
16790,8
16791,5
16792,7
16793,9
16794,5
16795,7
16796,3
16797,6
16798,3
16799,7
16800,3
16801,4
16802,1
16803,5
16804,6
16805,9
16806,7
16807,4
16808,0
16809,2
16810,5
16811,8
16812,0
16813,7
16814,7
16815,3
16816,2
16817,0
16818,4
16819,8
16820,2
16821,0
16822,6
16823,9
16824,8
16825,9
16826,0
16827,5
16828,0
16829,4
16830,0
16831,2
16832,6
16833,3
16834,1
16835,8
16836,7
16837,4
16838,1
16839,9
16840,1
16841,2
16842,8
16843,5
16844,6
16845,3
16846,0
16847,0
16848,6
16849,6
16850,0
16851,7
16852,2
16853,1
16854,8
16855,6
16856,8
16857,7
16858,9
16859,4
16860,1
16861,3
16862,5
16863,7
16864,7
16865,3
16866,2
16867,5
16868,9
16869,3
16870,6
16871,5
16872,3
16873,2
16874,6
16875,9
16876,4
16877,7
16878,3
16879,9
16880,1
16881,2
16882,1
16883,9
16884,7
16885,2
16886,3
16887,3
16888,8
16889,1
16890,8
16891,3
16892,5
16893,0
16894,5
16895,3
16896,8
16897,5
16898,7
16899,6
16900,9
16901,0
16902,6
16903,8
16904,2
16905,2
16906,4
16907,3
16908,6
16909,3
16910,7
16911,8
16912,7
16913,1
16914,3
16915,7
16916,8
16917,9
16918,5
16919,5
16920,2
16921,2
16922,4
16923,5
16924,0
16925,8
16926,3
16927,0
16928,4
16929,0
16930,8
16931,8
16932,9
16933,6
16934,9
16935,1
16936,5
16937,1
16938,2
16939,1
16940,3
16941,2
16942,2
16943,2
16944,4
16945,5
16946,7
16947,5
16948,9
16949,2
16950,0
16951,5
16952,7
16953,6
16954,5
16955,4
16956,5
16957,6
16958,0
16959,4
16960,0
16961,7
16962,1
16963,5
16964,8
16965,9
16966,8
16967,1
16968,7
16969,6
16970,2
16971,4
16972,0
16973,7
16974,1
16975,8
16976,5
16977,7
16978,8
16979,5
16980,5
16981,1
16982,8
16983,5
16984,7
16985,7
16986,7
16987,6
16988,5
16989,2
16990,6
16991,1
16992,2
16993,4
16994,4
16995,1
16996,6
16997,3
16998,9
16999,1
17000,8
17001,2
17002,3
17003,7
17004,4
17005,9
17006,5
17007,7
17008,4
17009,3
17010,9
17011,5
17012,6
17013,2
17014,2
17015,7
17016,3
17017,9
17018,3
17019,0
17020,5
17021,9
17022,0
17023,9
17024,4
17025,0
17026,2
17027,5
17028,7
17029,1
17030,2
17031,5
17032,2
17033,0
17034,2
17035,3
17036,1
17037,1
17038,1
17039,7
17040,4
17041,2
17042,6
17043,5
17044,9
17045,8
17046,7
17047,7
17048,3
17049,2
17050,7
17051,9
17052,2
17053,0
17054,1
17055,1
17056,1
17057,4
17058,8
17059,0
17060,8
17061,0
17062,9
17063,5
17064,6
17065,7
17066,0
17067,8
17068,2
17069,4
17070,4
17071,2
17072,2
17073,0
17074,5
17075,7
17076,2
17077,9
17078,7
17079,2
17080,2
17081,2
17082,0
17083,7
17084,4
17085,5
17086,2
17087,3
17088,3
17089,1
17090,9
17091,8
17092,1
17093,8
17094,4
17095,2
17096,3
17097,9
17098,1
17099,9
17100,7
17101,2
17102,9
17103,6
17104,9
17105,3
17106,0
17107,4
17108,2
17109,3
17110,4
17111,6
17112,6
17113,9
17114,2
17115,1
17116,1
17117,0
17118,5
17119,6
17120,7
17121,0
17122,4
17123,1
17124,1
17125,7
17126,0
17127,0
17128,1
17129,9
17130,4
17131,7
17132,3
17133,7
17134,6
17135,1
17136,2
17137,0
17138,2
17139,0
17140,3
17141,0
17142,2
17143,3
17144,5
17145,9
17146,5
17147,8
17148,9
17149,3
17150,1
17151,7
17152,8
17153,9
17154,4
17155,1
17156,1
17157,9
17158,0
17159,7
17160,0
17161,0
17162,9
17163,6
17164,0
17165,2
17166,9
17167,2
17168,8
17169,5
17170,5
17171,9
17172,3
17173,3
17174,5
17175,7
17176,1
17177,3
17178,3
17179,3
17180,5
17181,6
17182,6
17183,4
17184,1
17185,1
17186,9
17187,1
17188,4
17189,0
17190,6
17191,2
17192,2
17193,6
17194,6
17195,0
17196,3
17197,5
17198,0
17199,3
17200,0
17201,5
17202,1
17203,1
17204,8
17205,4
17206,5
17207,3
17208,5
17209,1
17210,2
17211,2
17212,3
17213,1
17214,2
17215,7
17216,9
17217,6
17218,3
17219,8
17220,5
17221,6
17222,6
17223,9
17224,1
17225,5
17226,7
17227,7
17228,4
17229,2
17230,2
17231,7
17232,5
17233,4
17234,1
17235,5
17236,7
17237,7
17238,8
17239,2
17240,8
17241,3
17242,7
17243,4
17244,0
17245,2
17246,9
17247,7
17248,0
17249,0
17250,7
17251,3
17252,1
17253,0
17254,8
17255,2
17256,4
17257,4
17258,4
17259,7
17260,1
17261,8
17262,2
17263,0
17264,3
17265,4
17266,0
17267,3
17268,9
17269,8
17270,0
17271,0
17272,8
17273,3
17274,9
17275,2
17276,1
17277,5
17278,6
17279,5
17280,0
17281,8
17282,4
17283,2
17284,5
17285,9
17286,3
17287,0
17288,2
17289,7
17290,8
17291,5
17292,9
17293,5
17294,0
17295,0
17296,6
17297,9
17298,7
17299,6
17300,9
17301,2
17302,2
17303,6
17304,4
17305,0
17306,1
17307,4
17308,3
17309,9
17310,4
17311,0
17312,3
17313,4
17314,4
17315,6
17316,9
17317,4
17318,7
17319,6
17320,5
17321,4
17322,3
17323,4
17324,5
17325,7
17326,0
17327,2
17328,1
17329,1
17330,8
17331,7
17332,1
17333,2
17334,0
17335,5
17336,2
17337,3
17338,8
17339,8
17340,8
17341,9
17342,2
17343,0
17344,9
17345,6
17346,0
17347,3
17348,4
17349,2
17350,2
17351,8
17352,8
17353,5
17354,9
17355,2
17356,7
17357,1
17358,9
17359,0
17360,3
17361,3
17362,4
17363,2
17364,3
17365,9
17366,9
17367,5
17368,3
17369,0
17370,4
17371,2
17372,4
17373,6
17374,4
17375,5
17376,4
17377,4
17378,9
17379,8
17380,5
17381,8
17382,3
17383,4
17384,1
17385,4
17386,8
17387,9
17388,2
17389,6
17390,2
17391,3
17392,5
17393,6
17394,3
17395,5
17396,2
17397,5
17398,0
17399,9
17400,1
17401,2
17402,9
17403,8
17404,9
17405,3
17406,8
17407,8
17408,5
17409,5
17410,8
17411,6
17412,4
17413,6
17414,8
17415,3
17416,0
17417,4
17418,9
17419,6
17420,1
17421,0
17422,5
17423,1
17424,4
17425,0
17426,9
17427,2
17428,6
17429,3
17430,6
17431,7
17432,4
17433,6
17434,4
17435,3
17436,8
17437,5
17438,1
17439,8
17440,3
17441,6
17442,4
17443,5
17444,6
17445,6
17446,5
17447,8
17448,7
17449,4
17450,4
17451,2
17452,2
17453,9
17454,3
17455,5
17456,0
17457,9
17458,9
17459,0
17460,1
17461,3
17462,7
17463,1
17464,7
17465,6
17466,5
17467,2
17468,6
17469,9
17470,5
17471,7
17472,7
17473,4
17474,2
17475,8
17476,3
17477,1
17478,7
17479,8
17480,8
17481,6
17482,8
17483,0
17484,5
17485,5
17486,7
17487,1
17488,9
17489,6
17490,2
17491,1
17492,5
17493,1
17494,9
17495,0
17496,1
17497,6
17498,3
17499,2
17500,5
17501,3
17502,9
17503,3
17504,7
17505,4
17506,0
17507,6
17508,9
17509,9
17510,4
17511,2
17512,3
17513,8
17514,5
17515,8
17516,3
17517,6
17518,4
17519,1
17520,4
17521,9
17522,5
17523,8
17524,9
17525,7
17526,3
17527,4
17528,9
17529,5
17530,9
17531,1
17532,1
17533,4
17534,8
17535,4
17536,1
17537,4
17538,6
17539,9
17540,9
17541,8
17542,9
17543,7
17544,4
17545,4
17546,1
17547,9
17548,9
17549,1
17550,9
17551,6
17552,2
17553,3
17554,7
17555,3
17556,1
17557,3
17558,6
17559,8
17560,3
17561,4
17562,3
17563,3
17564,8
17565,3
17566,7
17567,1
17568,0
17569,3
17570,8
17571,4
17572,7
17573,9
17574,8
17575,0
17576,3
17577,0
17578,4
17579,5
17580,7
17581,0
17582,7
17583,3
17584,5
17585,0
17586,2
17587,3
17588,3
17589,3
17590,0
17591,0
17592,4
17593,4
17594,4
17595,4
17596,6
17597,9
17598,9
17599,0
17600,7
17601,4
17602,0
17603,2
17604,2
17605,1
17606,9
17607,5
17608,9
17609,9
17610,0
17611,5
17612,8
17613,2
17614,7
17615,3
17616,9
17617,5
17618,2
17619,8
17620,9
17621,5
17622,8
17623,0
17624,0
17625,3
17626,0
17627,6
17628,3
17629,7
17630,8
17631,0
17632,1
17633,2
17634,2
17635,2
17636,1
17637,1
17638,6
17639,2
17640,2
17641,5
17642,4
17643,3
17644,9
17645,3
17646,6
17647,2
17648,3
17649,7
17650,2
17651,9
17652,2
17653,1
17654,4
17655,7
17656,5
17657,5
17658,9
17659,2
17660,0
17661,9
17662,7
17663,9
17664,5
17665,4
17666,1
17667,8
17668,3
17669,3
17670,8
17671,0
17672,8
17673,7
17674,0
17675,7
17676,7
17677,9
17678,4
17679,4
17680,0
17681,3
17682,7
17683,4
17684,1
17685,5
17686,2
17687,0
17688,5
17689,8
17690,6
17691,7
17692,0
17693,1
17694,0
17695,5
17696,6
17697,2
17698,1
17699,4
17700,1
17701,8
17702,7
17703,9
17704,9
17705,7
17706,3
17707,2
17708,2
17709,4
17710,7
17711,6
17712,3
17713,9
17714,6
17715,3
17716,9
17717,5
17718,1
17719,0
17720,9
17721,2
17722,7
17723,4
17724,3
17725,5
17726,7
17727,6
17728,7
17729,2
17730,8
17731,7
17732,5
17733,4
17734,5
17735,9
17736,4
17737,3
17738,5
17739,0
17740,2
17741,5
17742,5
17743,3
17744,1
17745,9
17746,3
17747,7
17748,1
17749,0
17750,3
17751,4
17752,4
17753,2
17754,5
17755,9
17756,2
17757,1
17758,1
17759,7
17760,7
17761,9
17762,0
17763,1
17764,6
17765,8
17766,5
17767,2
17768,5
17769,3
17770,7
17771,8
17772,7
17773,7
17774,0
17775,8
17776,5
17777,6
17778,0
17779,7
17780,5
17781,6
17782,7
17783,7
17784,9
17785,7
17786,1
17787,0
17788,0
17789,8
17790,0
17791,4
17792,0
17793,6
17794,4
17795,5
17796,5
17797,0
17798,5
17799,3
17800,4
17801,4
17802,5
17803,0
17804,7
17805,1
17806,8
17807,7
17808,1
17809,4
17810,2
17811,0
17812,4
17813,7
17814,3
17815,7
17816,4
17817,8
17818,6
17819,3
17820,9
17821,4
17822,0
17823,3
17824,0
17825,8
17826,7
17827,3
17828,3
17829,0
17830,5
17831,6
17832,1
17833,5
17834,0
17835,9
17836,9
17837,1
17838,3
17839,0
17840,6
17841,1
17842,6
17843,6
17844,5
17845,7
17846,2
17847,4
17848,0
17849,9
17850,2
17851,6
17852,8
17853,2
17854,8
17855,6
17856,7
17857,7
17858,3
17859,3
17860,9
17861,5
17862,7
17863,4
17864,0
17865,9
17866,4
17867,5
17868,6
17869,7
17870,2
17871,9
17872,5
17873,5
17874,8
17875,5
17876,1
17877,9
17878,5
17879,6
17880,3
17881,6
17882,3
17883,0
17884,2
17885,7
17886,6
17887,4
17888,2
17889,5
17890,4
17891,1
17892,5
17893,7
17894,9
17895,7
17896,3
17897,9
17898,8
17899,8
17900,5
17901,1
17902,9
17903,6
17904,1
17905,6
17906,6
17907,8
17908,0
17909,7
17910,6
17911,9
17912,8
17913,8
17914,4
17915,3
17916,4
17917,1
17918,7
17919,7
17920,1
17921,1
17922,6
17923,7
17924,0
17925,3
17926,2
17927,8
17928,7
17929,8
17930,9
17931,9
17932,1
17933,1
17934,3
17935,8
17936,7
17937,5
17938,9
17939,1
17940,0
17941,6
17942,3
17943,4
17944,4
17945,4
17946,7
17947,1
17948,2
17949,0
17950,1
17951,5
17952,4
17953,4
17954,9
17955,2
17956,4
17957,2
17958,2
17959,0
17960,7
17961,7
17962,4
17963,7
17964,1
17965,4
17966,0
17967,8
17968,3
17969,3
17970,5
17971,6
17972,0
17973,8
17974,3
17975,0
17976,4
17977,3
17978,1
17979,8
17980,4
17981,3
17982,2
17983,9
17984,5
17985,4
17986,4
17987,5
17988,2
17989,1
17990,0
17991,4
17992,6
17993,5
17994,8
17995,0
17996,7
17997,3
17998,0
17999,6
18000,7
18001,2
18002,2
18003,3
18004,4
18005,4
18006,2
18007,6
18008,3
18009,2
18010,5
18011,1
18012,7
18013,5
18014,2
18015,5
18016,7
18017,7
18018,9
18019,9
18020,9
18021,2
18022,0
18023,9
18024,2
18025,0
18026,5
18027,5
18028,5
18029,0
18030,5
18031,6
18032,6
18033,6
18034,0
18035,2
18036,9
18037,9
18038,2
18039,4
18040,5
18041,4
18042,0
18043,1
18044,0
18045,8
18046,9
18047,5
18048,7
18049,3
18050,0
18051,2
18052,4
18053,1
18054,3
18055,8
18056,1
18057,8
18058,2
18059,6
18060,6
18061,9
18062,8
18063,5
18064,1
18065,2
18066,4
18067,0
18068,9
18069,0
18070,8
18071,8
18072,0
18073,7
18074,1
18075,6
18076,9
18077,8
18078,9
18079,9
18080,4
18081,9
18082,6
18083,3
18084,3
18085,4
18086,5
18087,0
18088,8
18089,0
18090,4
18091,0
18092,3
18093,3
18094,0
18095,0
18096,3
18097,3
18098,5
18099,9
18100,4
18101,7
18102,1
18103,5
18104,4
18105,1
18106,6
18107,1
18108,7
18109,9
18110,4
18111,6
18112,4
18113,5
18114,2
18115,9
18116,4
18117,9
18118,8
18119,8
18120,7
18121,6
18122,2
18123,3
18124,9
18125,3
18126,6
18127,7
18128,0
18129,6
18130,7
18131,0
18132,4
18133,1
18134,0
18135,5
18136,7
18137,0
18138,5
18139,9
18140,2
18141,3
18142,2
18143,8
18144,5
18145,8
18146,1
18147,9
18148,6
18149,7
18150,6
18151,7
18152,3
18153,6
18154,2
18155,5
18156,8
18157,8
18158,8
18159,8
18160,7
18161,4
18162,6
18163,5
18164,1
18165,5
18166,9
18167,6
18168,0
18169,9
18170,5
18171,8
18172,5
18173,7
18174,3
18175,9
18176,8
18177,3
18178,4
18179,6
18180,5
18181,7
18182,5
18183,1
18184,1
18185,5
18186,4
18187,1
18188,8
18189,5
18190,8
18191,2
18192,9
18193,6
18194,3
18195,3
18196,4
18197,0
18198,2
18199,4
18200,1
18201,1
18202,4
18203,7
18204,3
18205,9
18206,0
18207,2
18208,8
18209,8
18210,8
18211,8
18212,7
18213,7
18214,1
18215,2
18216,6
18217,6
18218,1
18219,6
18220,0
18221,2
18222,5
18223,8
18224,2
18225,4
18226,2
18227,3
18228,1
18229,5
18230,5
18231,4
18232,4
18233,0
18234,5
18235,6
18236,7
18237,0
18238,3
18239,4
18240,5
18241,5
18242,7
18243,5
18244,7
18245,0
18246,1
18247,1
18248,9
18249,7
18250,5
18251,0
18252,1
18253,9
18254,6
18255,3
18256,6
18257,5
18258,4
18259,6
18260,4
18261,5
18262,7
18263,2
18264,2
18265,2
18266,0
18267,5
18268,6
18269,4
18270,3
18271,7
18272,8
18273,6
18274,2
18275,4
18276,1
18277,1
18278,7
18279,5
18280,2
18281,5
18282,3
18283,6
18284,8
18285,5
18286,8
18287,4
18288,4
18289,1
18290,4
18291,3
18292,7
18293,6
18294,9
18295,0
18296,6
18297,5
18298,2
18299,3
18300,4
18301,9
18302,5
18303,5
18304,9
18305,4
18306,6
18307,4
18308,1
18309,1
18310,8
18311,9
18312,4
18313,4
18314,2
18315,3
18316,3
18317,0
18318,7
18319,1
18320,8
18321,8
18322,5
18323,0
18324,4
18325,7
18326,7
18327,1
18328,0
18329,1
18330,4
18331,1
18332,9
18333,0
18334,4
18335,1
18336,1
18337,0
18338,7
18339,3
18340,7
18341,3
18342,9
18343,0
18344,1
18345,8
18346,9
18347,6
18348,6
18349,6
18350,0
18351,9
18352,1
18353,0
18354,1
18355,2
18356,7
18357,8
18358,0
18359,5
18360,6
18361,8
18362,2
18363,5
18364,5
18365,1
18366,5
18367,9
18368,1
18369,8
18370,5
18371,3
18372,1
18373,2
18374,6
18375,3
18376,7
18377,3
18378,5
18379,4
18380,8
18381,0
18382,7
18383,1
18384,2
18385,3
18386,9
18387,8
18388,3
18389,8
18390,7
18391,7
18392,9
18393,7
18394,0
18395,9
18396,4
18397,0
18398,9
18399,6
18400,1
18401,9
18402,8
18403,6
18404,4
18405,7
18406,2
18407,9
18408,5
18409,4
18410,7
18411,1
18412,2
18413,1
18414,2
18415,3
18416,9
18417,2
18418,0
18419,5
18420,0
18421,0
18422,5
18423,5
18424,4
18425,6
18426,9
18427,9
18428,1
18429,6
18430,7
18431,7
18432,7
18433,4
18434,5
18435,1
18436,2
18437,0
18438,6
18439,3
18440,8
18441,9
18442,8
18443,4
18444,1
18445,0
18446,8
18447,3
18448,9
18449,8
18450,8
18451,7
18452,8
18453,3
18454,6
18455,0
18456,7
18457,0
18458,8
18459,6
18460,9
18461,9
18462,4
18463,7
18464,7
18465,6
18466,2
18467,1
18468,5
18469,3
18470,4
18471,3
18472,5
18473,5
18474,0
18475,8
18476,4
18477,7
18478,8
18479,9
18480,4
18481,2
18482,1
18483,7
18484,6
18485,6
18486,4
18487,9
18488,4
18489,3
18490,6
18491,0
18492,7
18493,7
18494,8
18495,0
18496,9
18497,1
18498,2
18499,6
18500,2
18501,9
18502,7
18503,1
18504,9
18505,9
18506,3
18507,3
18508,1
18509,2
18510,3
18511,5
18512,4
18513,4
18514,7
18515,4
18516,1
18517,4
18518,6
18519,2
18520,7
18521,5
18522,4
18523,6
18524,7
18525,9
18526,8
18527,1
18528,8
18529,1
18530,6
18531,2
18532,7
18533,5
18534,6
18535,1
18536,4
18537,6
18538,0
18539,1
18540,2
18541,0
18542,7
18543,6
18544,8
18545,8
18546,2
18547,8
18548,4
18549,5
18550,0
18551,0
18552,1
18553,7
18554,9
18555,7
18556,3
18557,5
18558,4
18559,0
18560,2
18561,8
18562,7
18563,1
18564,0
18565,8
18566,7
18567,6
18568,2
18569,4
18570,8
18571,2
18572,8
18573,0
18574,1
18575,5
18576,3
18577,8
18578,1
18579,7
18580,6
18581,9
18582,3
18583,7
18584,9
18585,5
18586,1
18587,8
18588,3
18589,0
18590,9
18591,3
18592,3
18593,2
18594,4
18595,2
18596,7
18597,6
18598,0
18599,9
18600,8
18601,8
18602,1
18603,5
18604,7
18605,7
18606,1
18607,7
18608,5
18609,4
18610,1
18611,0
18612,7
18613,8
18614,7
18615,3
18616,7
18617,0
18618,2
18619,5
18620,5
18621,1
18622,6
18623,8
18624,2
18625,6
18626,3
18627,2
18628,0
18629,4
18630,7
18631,8
18632,6
18633,4
18634,3
18635,1
18636,5
18637,3
18638,8
18639,3
18640,9
18641,7
18642,1
18643,7
18644,1
18645,0
18646,4
18647,8
18648,5
18649,0
18650,0
18651,6
18652,4
18653,1
18654,1
18655,2
18656,9
18657,0
18658,0
18659,2
18660,1
18661,3
18662,2
18663,7
18664,0
18665,1
18666,8
18667,5
18668,7
18669,0
18670,0
18671,5
18672,0
18673,4
18674,6
18675,2
18676,6
18677,5
18678,4
18679,1
18680,8
18681,2
18682,1
18683,5
18684,3
18685,8
18686,8
18687,9
18688,5
18689,0
18690,1
18691,8
18692,1
18693,4
18694,9
18695,0
18696,3
18697,1
18698,1
18699,4
18700,7
18701,8
18702,3
18703,4
18704,9
18705,6
18706,2
18707,8
18708,3
18709,8
18710,4
18711,9
18712,4
18713,7
18714,5
18715,4
18716,3
18717,0
18718,4
18719,5
18720,7
18721,3
18722,7
18723,4
18724,6
18725,6
18726,9
18727,3
18728,0
18729,5
18730,4
18731,1
18732,2
18733,1
18734,8
18735,1
18736,9
18737,4
18738,8
18739,9
18740,9
18741,3
18742,3
18743,7
18744,0
18745,0
18746,6
18747,1
18748,0
18749,6
18750,6
18751,4
18752,2
18753,2
18754,7
18755,0
18756,6
18757,0
18758,4
18759,0
18760,0
18761,1
18762,3
18763,0
18764,6
18765,5
18766,7
18767,9
18768,1
18769,6
18770,3
18771,7
18772,9
18773,1
18774,6
18775,7
18776,7
18777,5
18778,8
18779,0
18780,9
18781,1
18782,6
18783,1
18784,4
18785,9
18786,1
18787,6
18788,5
18789,3
18790,3
18791,0
18792,7
18793,1
18794,2
18795,7
18796,9
18797,3
18798,7
18799,6
18800,4
18801,4
18802,6
18803,7
18804,4
18805,7
18806,6
18807,1
18808,7
18809,8
18810,8
18811,7
18812,0
18813,1
18814,4
18815,0
18816,9
18817,7
18818,7
18819,9
18820,1
18821,2
18822,0
18823,4
18824,7
18825,4
18826,3
18827,4
18828,1
18829,7
18830,5
18831,7
18832,6
18833,9
18834,0
18835,0
18836,3
18837,1
18838,4
18839,7
18840,9
18841,3
18842,6
18843,7
18844,8
18845,4
18846,7
18847,4
18848,0
18849,8
18850,3
18851,0
18852,1
18853,7
18854,9
18855,0
18856,9
18857,1
18858,4
18859,6
18860,7
18861,1
18862,0
18863,6
18864,3
18865,7
18866,3
18867,1
18868,8
18869,6
18870,5
18871,9
18872,5
18873,8
18874,1
18875,0
18876,9
18877,0
18878,6
18879,4
18880,1
18881,1
18882,4
18883,7
18884,3
18885,0
18886,7
18887,5
18888,8
18889,5
18890,5
18891,4
18892,6
18893,4
18894,7
18895,2
18896,0
18897,8
18898,3
18899,8
18900,1
18901,1
18902,2
18903,4
18904,8
18905,1
18906,0
18907,8
18908,1
18909,8
18910,5
18911,3
18912,2
18913,7
18914,0
18915,2
18916,4
18917,9
18918,6
18919,2
18920,4
18921,9
18922,9
18923,6
18924,9
18925,9
18926,6
18927,7
18928,3
18929,4
18930,3
18931,3
18932,9
18933,6
18934,7
18935,7
18936,8
18937,1
18938,1
18939,6
18940,4
18941,5
18942,7
18943,9
18944,4
18945,7
18946,4
18947,7
18948,0
18949,0
18950,2
18951,9
18952,7
18953,7
18954,7
18955,5
18956,0
18957,1
18958,6
18959,3
18960,4
18961,6
18962,4
18963,0
18964,9
18965,8
18966,7
18967,8
18968,4
18969,4
18970,8
18971,9
18972,7
18973,1
18974,6
18975,7
18976,9
18977,9
18978,0
18979,1
18980,7
18981,1
18982,1
18983,3
18984,6
18985,7
18986,9
18987,8
18988,3
18989,3
18990,8
18991,5
18992,2
18993,4
18994,3
18995,6
18996,8
18997,0
18998,9
18999,6
19000,6
19001,9
19002,0
19003,1
19004,6
19005,8
19006,1
19007,8
19008,2
19009,1
19010,8
19011,1
19012,7
19013,1
19014,9
19015,1
19016,8
19017,3
19018,9
19019,4
19020,1
19021,0
19022,8
19023,4
19024,4
19025,6
19026,8
19027,2
19028,2
19029,5
19030,5
19031,0
19032,2
19033,6
19034,9
19035,8
19036,0
19037,1
19038,0
19039,0
19040,4
19041,8
19042,3
19043,4
19044,7
19045,7
19046,5
19047,9
19048,2
19049,5
19050,4
19051,4
19052,9
19053,9
19054,4
19055,8
19056,7
19057,6
19058,9
19059,3
19060,4
19061,6
19062,4
19063,8
19064,0
19065,1
19066,9
19067,2
19068,1
19069,6
19070,7
19071,1
19072,8
19073,5
19074,6
19075,4
19076,6
19077,4
19078,1
19079,1
19080,9
19081,8
19082,8
19083,9
19084,1
19085,2
19086,6
19087,6
19088,5
19089,6
19090,5
19091,6
19092,8
19093,3
19094,0
19095,3
19096,8
19097,6
19098,1
19099,5
19100,0
19101,3
19102,3
19103,1
19104,9
19105,2
19106,8
19107,7
19108,8
19109,2
19110,3
19111,6
19112,2
19113,5
19114,2
19115,9
19116,0
19117,5
19118,1
19119,1
19120,7
19121,9
19122,0
19123,1
19124,6
19125,7
19126,5
19127,4
19128,6
19129,3
19130,3
19131,6
19132,1
19133,0
19134,0
19135,9
19136,9
19137,8
19138,2
19139,9
19140,6
19141,2
19142,5
19143,4
19144,7
19145,2
19146,6
19147,5
19148,6
19149,6
19150,9
19151,3
19152,7
19153,0
19154,6
19155,3
19156,5
19157,2
19158,4
19159,3
19160,4
19161,6
19162,9
19163,8
19164,8
19165,3
19166,2
19167,0
19168,0
19169,3
19170,9
19171,2
19172,2
19173,8
19174,1
19175,9
19176,2
19177,2
19178,9
19179,3
19180,6
19181,2
19182,0
19183,6
19184,7
19185,0
19186,5
19187,0
19188,6
19189,3
19190,1
19191,3
19192,0
19193,9
19194,5
19195,4
19196,3
19197,7
19198,0
19199,6
19200,2
19201,9
19202,0
19203,7
19204,6
19205,5
19206,6
19207,8
19208,2
19209,1
19210,3
19211,3
19212,6
19213,5
19214,9
19215,3
19216,5
19217,0
19218,2
19219,0
19220,7
19221,4
19222,6
19223,8
19224,3
19225,3
19226,8
19227,6
19228,3
19229,8
19230,9
19231,4
19232,0
19233,8
19234,8
19235,3
19236,8
19237,6
19238,7
19239,7
19240,0
19241,3
19242,6
19243,8
19244,1
19245,5
19246,9
19247,2
19248,6
19249,8
19250,9
19251,4
19252,1
19253,0
19254,5
19255,5
19256,4
19257,2
19258,8
19259,2
19260,2
19261,6
19262,7
19263,4
19264,5
19265,3
19266,7
19267,4
19268,5
19269,8
19270,8
19271,3
19272,9
19273,5
19274,0
19275,6
19276,2
19277,6
19278,3
19279,6
19280,6
19281,9
19282,2
19283,5
19284,6
19285,8
19286,6
19287,3
19288,1
19289,7
19290,8
19291,6
19292,4
19293,7
19294,3
19295,3
19296,8
19297,0
19298,0
19299,9
19300,2
19301,8
19302,5
19303,4
19304,9
19305,6
19306,4
19307,2
19308,0
19309,0
19310,1
19311,1
19312,9
19313,3
19314,8
19315,2
19316,1
19317,9
19318,5
19319,8
19320,2
19321,8
19322,2
19323,3
19324,5
19325,2
19326,6
19327,4
19328,9
19329,6
19330,6
19331,2
19332,9
19333,8
19334,6
19335,5
19336,9
19337,2
19338,4
19339,5
19340,2
19341,1
19342,0
19343,7
19344,2
19345,4
19346,2
19347,7
19348,2
19349,6
19350,3
19351,6
19352,1
19353,5
19354,4
19355,0
19356,1
19357,9
19358,9
19359,5
19360,6
19361,5
19362,2
19363,9
19364,6
19365,6
19366,4
19367,5
19368,4
19369,8
19370,9
19371,0
19372,9
19373,5
19374,5
19375,5
19376,7
19377,9
19378,3
19379,3
19380,8
19381,4
19382,3
19383,9
19384,3
19385,1
19386,0
19387,2
19388,5
19389,2
19390,8
19391,7
19392,9
19393,7
19394,7
19395,7
19396,9
19397,2
19398,3
19399,0
19400,6
19401,7
19402,8
19403,1
19404,8
19405,0
19406,3
19407,8
19408,5
19409,0
19410,5
19411,6
19412,9
19413,1
19414,1
19415,2
19416,6
19417,8
19418,9
19419,7
19420,7
19421,5
19422,8
19423,6
19424,1
19425,2
19426,0
19427,1
19428,8
19429,4
19430,3
19431,4
19432,7
19433,9
19434,3
19435,7
19436,5
19437,5
19438,0
19439,9
19440,1
19441,4
19442,1
19443,6
19444,7
19445,4
19446,0
19447,9
19448,3
19449,2
19450,6
19451,1
19452,7
19453,8
19454,1
19455,6
19456,5
19457,9
19458,0
19459,0
19460,9
19461,5
19462,3
19463,8
19464,8
19465,2
19466,8
19467,5
19468,7
19469,0
19470,7
19471,0
19472,9
19473,6
19474,9
19475,2
19476,9
19477,4
19478,8
19479,5
19480,4
19481,0
19482,1
19483,6
19484,6
19485,8
19486,7
19487,4
19488,1
19489,7
19490,7
19491,8
19492,5
19493,7
19494,0
19495,6
19496,4
19497,2
19498,1
19499,4
19500,8
19501,0
19502,3
19503,2
19504,7
19505,5
19506,9
19507,1
19508,0
19509,4
19510,3
19511,7
19512,0
19513,6
19514,3
19515,1
19516,8
19517,4
19518,7
19519,2
19520,5
19521,7
19522,3
19523,1
19524,7
19525,1
19526,9
19527,2
19528,9
19529,6
19530,2
19531,0
19532,1
19533,8
19534,3
19535,9
19536,8
19537,2
19538,0
19539,4
19540,8
19541,4
19542,5
19543,1
19544,2
19545,4
19546,6
19547,4
19548,1
19549,8
19550,5
19551,7
19552,7
19553,7
19554,6
19555,5
19556,5
19557,7
19558,9
19559,9
19560,8
19561,2
19562,8
19563,2
19564,1
19565,3
19566,3
19567,4
19568,8
19569,9
19570,4
19571,0
19572,7
19573,0
19574,6
19575,8
19576,1
19577,0
19578,6
19579,1
19580,6
19581,5
19582,5
19583,9
19584,7
19585,2
19586,8
19587,7
19588,3
19589,7
19590,9
19591,1
19592,2
19593,1
19594,7
19595,4
19596,8
19597,8
19598,7
19599,0
19600,2
19601,0
19602,6
19603,1
19604,2
19605,6
19606,5
19607,0
19608,1
19609,5
19610,5
19611,2
19612,5
19613,1
19614,9
19615,8
19616,7
19617,1
19618,2
19619,7
19620,0
19621,9
19622,3
19623,1
19624,9
19625,0
19626,4
19627,2
19628,6
19629,5
19630,9
19631,9
19632,2
19633,6
19634,7
19635,1
19636,8
19637,1
19638,4
19639,2
19640,3
19641,7
19642,8
19643,4
19644,0
19645,4
19646,5
19647,1
19648,2
19649,9
19650,3
19651,5
19652,8
19653,0
19654,1
19655,9
19656,6
19657,7
19658,3
19659,7
19660,4
19661,4
19662,8
19663,0
19664,2
19665,1
19666,3
19667,3
19668,6
19669,7
19670,0
19671,5
19672,9
19673,8
19674,7
19675,3
19676,7
19677,9
19678,9
19679,6
19680,8
19681,8
19682,0
19683,1
19684,2
19685,4
19686,0
19687,2
19688,8
19689,1
19690,4
19691,1
19692,6
19693,3
19694,2
19695,7
19696,8
19697,7
19698,0
19699,4
19700,3
19701,6
19702,4
19703,5
19704,7
19705,9
19706,2
19707,5
19708,2
19709,4
19710,5
19711,0
19712,1
19713,7
19714,0
19715,7
19716,6
19717,0
19718,0
19719,0
19720,5
19721,1
19722,1
19723,2
19724,4
19725,6
19726,9
19727,8
19728,1
19729,0
19730,1
19731,6
19732,8
19733,5
19734,4
19735,0
19736,4
19737,0
19738,4
19739,9
19740,3
19741,8
19742,5
19743,2
19744,8
19745,6
19746,2
19747,8
19748,6
19749,4
19750,4
19751,0
19752,8
19753,7
19754,5
19755,2
19756,8
19757,7
19758,2
19759,9
19760,5
19761,9
19762,2
19763,1
19764,0
19765,4
19766,1
19767,7
19768,7
19769,1
19770,7
19771,3
19772,5
19773,8
19774,7
19775,2
19776,5
19777,1
19778,5
19779,2
19780,0
19781,6
19782,0
19783,1
19784,2
19785,4
19786,4
19787,8
19788,0
19789,3
19790,2
19791,0
19792,3
19793,5
19794,1
19795,6
19796,3
19797,0
19798,5
19799,1
19800,8
19801,3
19802,1
19803,8
19804,7
19805,8
19806,4
19807,2
19808,0
19809,0
19810,7
19811,8
19812,1
19813,3
19814,9
19815,0
19816,2
19817,8
19818,1
19819,4
19820,8
19821,8
19822,3
19823,0
19824,8
19825,5
19826,7
19827,5
19828,4
19829,7
19830,7
19831,6
19832,1
19833,8
19834,1
19835,7
19836,7
19837,0
19838,3
19839,1
19840,6
19841,5
19842,5
19843,3
19844,8
19845,9
19846,4
19847,0
19848,9
19849,5
19850,1
19851,7
19852,2
19853,1
19854,5
19855,2
19856,8
19857,3
19858,3
19859,3
19860,7
19861,1
19862,3
19863,4
19864,4
19865,5
19866,7
19867,0
19868,6
19869,7
19870,3
19871,3
19872,7
19873,8
19874,8
19875,2
19876,5
19877,6
19878,9
19879,7
19880,3
19881,2
19882,9
19883,3
19884,0
19885,5
19886,5
19887,6
19888,9
19889,1
19890,4
19891,4
19892,5
19893,6
19894,4
19895,1
19896,4
19897,3
19898,3
19899,3
19900,6
19901,3
19902,0
19903,8
19904,4
19905,7
19906,5
19907,5
19908,7
19909,0
19910,7
19911,9
19912,4
19913,4
19914,2
19915,9
19916,1
19917,7
19918,1
19919,4
19920,8
19921,8
19922,5
19923,8
19924,3
19925,8
19926,9
19927,3
19928,8
19929,0
19930,2
19931,1
19932,8
19933,4
19934,4
19935,0
19936,0
19937,9
19938,5
19939,3
19940,1
19941,5
19942,1
19943,3
19944,5
19945,0
19946,2
19947,2
19948,1
19949,5
19950,3
19951,0
19952,8
19953,6
19954,9
19955,0
19956,9
19957,0
19958,0
19959,4
19960,1
19961,6
19962,6
19963,4
19964,9
19965,1
19966,4
19967,9
19968,7
19969,8
19970,2
19971,6
19972,6
19973,9
19974,7
19975,8
19976,5
19977,0
19978,9
19979,0
19980,0
19981,0
19982,8
19983,1
19984,3
19985,3
19986,7
19987,5
19988,8
19989,4
19990,5
19991,1
19992,8
19993,9
19994,1
19995,9
19996,1
19997,8
19998,1
19999,5
